# ofcuda_prng initial-state v1 (port spawn/initial state; engine-bit-exact)
# source reference /opt/data/workspaces/skg/ofcuda_matrix/out/matrix/refs/africa_a18_nat0.spawn.txt
map africa
seed parity
game_id QqkIuyke
game_hash 223241348
agents 18
nations 0
human_agents 1
width 1948
height 2032
min_dist 30
player 1 H nd8079oo -1 0 0
player 2 B 7kmb47oc 425159 1 52
player 3 B su965kfe 1693713 1 52
player 4 B 4918e5rs 2118813 1 52
player 5 B 0grah7qg 1179510 1 52
player 6 B 79lbhuod 354112 1 52
player 7 B 0eay8wsu 1672567 1 52
player 8 B l4g4juu8 3737454 1 52
player 9 B gsw4n5km 1534836 1 52
player 10 B ooz4f963 1363119 1 52
player 11 B g49bog52 1246290 1 52
player 12 B vl3arc4y 488823 1 52
player 13 B 26spmsu2 1567127 1 52
player 14 B 666fmd2f 1115588 1 52
player 15 B vybu8oes 889433 1 52
player 16 B tlx2iciq 504886 1 52
player 17 B 8i7cuo9t 1520735 1 52
player 18 B ay8xa67r 2089760 1 52
player 19 B fha1xhrw 1741312 1 52
bot 0 2 7kmb47oc 979863364 425159 52
owned 0 425159 425160 425161 425162 427110 423214 421266 421265 421264 421263 421262 421261 421260 421259 423207 425155 425156 425157 427105 427106 429054 429055 429056 429057 431004 431003 431002 431001 429053 429052 427104 427103 423208 419312 423209 419313 417365 417366 417367 417368 423210 419314 419315 419316 419317 427109 423213 427108 423212 425158 427107 423211
bot 1 3 su965kfe 1225099288 1693713 52
owned 1 1693713 1693714 1693715 1693716 1695664 1691768 1689820 1689819 1689818 1689817 1689816 1689815 1689814 1689813 1691761 1693709 1693710 1693711 1695659 1695660 1697608 1697609 1697610 1697611 1699558 1699557 1699556 1699555 1697607 1697606 1695658 1695657 1691762 1687866 1691763 1687867 1685919 1685920 1685921 1685922 1691764 1687868 1687869 1687870 1687871 1695663 1691767 1695662 1691766 1693712 1695661 1691765
bot 2 4 4918e5rs 1160776865 2118813 52
owned 2 2118813 2118814 2118815 2118816 2120764 2116868 2114920 2114919 2114918 2114917 2114916 2114915 2114914 2114913 2116861 2118809 2118810 2118811 2120759 2120760 2122708 2122709 2122710 2122711 2124658 2124657 2124656 2124655 2122707 2122706 2120758 2120757 2116862 2112966 2116863 2112967 2111019 2111020 2111021 2111022 2116864 2112968 2112969 2112970 2112971 2120763 2116867 2120762 2116866 2118812 2120761 2116865
bot 3 5 0grah7qg -2107334215 1179510 52
owned 3 1179510 1179511 1179512 1179513 1181461 1177565 1175617 1175616 1175615 1175614 1175613 1175612 1175611 1175610 1177558 1179506 1179507 1179508 1181456 1181457 1183405 1183406 1183407 1183408 1185355 1185354 1185353 1185352 1183404 1183403 1181455 1181454 1177559 1173663 1177560 1173664 1171716 1171717 1171718 1171719 1177561 1173665 1173666 1173667 1173668 1181460 1177564 1181459 1177563 1179509 1181458 1177562
bot 4 6 79lbhuod 919150858 354112 52
owned 4 354112 354113 354114 354115 356063 352167 350219 350218 350217 350216 350215 350214 350213 350212 352160 354108 354109 354110 356058 356059 358007 358008 358009 358010 359957 359956 359955 359954 358006 358005 356057 356056 352161 348265 352162 348266 346318 346319 346320 346321 352163 348267 348268 348269 348270 356062 352166 356061 352165 354111 356060 352164
bot 5 7 0eay8wsu 312910098 1672567 52
owned 5 1672567 1672568 1672569 1672570 1674518 1670622 1668674 1668673 1668672 1668671 1668670 1668669 1668668 1668667 1670615 1672563 1672564 1672565 1674513 1674514 1676462 1676463 1676464 1676465 1678412 1678411 1678410 1678409 1676461 1676460 1674512 1674511 1670616 1666720 1670617 1666721 1664773 1664774 1664775 1664776 1670618 1666722 1666723 1666724 1666725 1674517 1670621 1674516 1670620 1672566 1674515 1670619
bot 6 8 l4g4juu8 1373847271 3737454 52
owned 6 3737454 3737455 3737456 3737457 3739405 3735509 3733561 3733560 3733559 3733558 3733557 3733556 3733555 3733554 3735502 3737450 3737451 3737452 3739400 3739401 3741349 3741350 3741351 3741352 3743299 3743298 3743297 3743296 3741348 3741347 3739399 3739398 3735503 3731607 3735504 3731608 3729660 3729661 3729662 3729663 3735505 3731609 3731610 3731611 3731612 3739404 3735508 3739403 3735507 3737453 3739402 3735506
bot 7 9 gsw4n5km 1786011062 1534836 52
owned 7 1534836 1534837 1534838 1534839 1536787 1532891 1530943 1530942 1530941 1530940 1530939 1530938 1530937 1530936 1532884 1534832 1534833 1534834 1536782 1536783 1538731 1538732 1538733 1538734 1540681 1540680 1540679 1540678 1538730 1538729 1536781 1536780 1532885 1528989 1532886 1528990 1527042 1527043 1527044 1527045 1532887 1528991 1528992 1528993 1528994 1536786 1532890 1536785 1532889 1534835 1536784 1532888
bot 8 10 ooz4f963 1067254298 1363119 52
owned 8 1363119 1363120 1363121 1363122 1365070 1361174 1359226 1359225 1359224 1359223 1359222 1359221 1359220 1359219 1361167 1363115 1363116 1363117 1365065 1365066 1367014 1367015 1367016 1367017 1368964 1368963 1368962 1368961 1367013 1367012 1365064 1365063 1361168 1357272 1361169 1357273 1355325 1355326 1355327 1355328 1361170 1357274 1357275 1357276 1357277 1365069 1361173 1365068 1361172 1363118 1365067 1361171
bot 9 11 g49bog52 471077977 1246290 52
owned 9 1246290 1246291 1246292 1246293 1248241 1244345 1242397 1242396 1242395 1242394 1242393 1242392 1242391 1242390 1244338 1246286 1246287 1246288 1248236 1248237 1250185 1250186 1250187 1250188 1252135 1252134 1252133 1252132 1250184 1250183 1248235 1248234 1244339 1240443 1244340 1240444 1238496 1238497 1238498 1238499 1244341 1240445 1240446 1240447 1240448 1248240 1244344 1248239 1244343 1246289 1248238 1244342
bot 10 12 vl3arc4y 2110741002 488823 52
owned 10 488823 488824 488825 488826 490774 486878 484930 484929 484928 484927 484926 484925 484924 484923 486871 488819 488820 488821 490769 490770 492718 492719 492720 492721 494668 494667 494666 494665 492717 492716 490768 490767 486872 482976 486873 482977 481029 481030 481031 481032 486874 482978 482979 482980 482981 490773 486877 490772 486876 488822 490771 486875
bot 11 13 26spmsu2 1249151528 1567127 52
owned 11 1567127 1567128 1567129 1567130 1569078 1565182 1563234 1563233 1563232 1563231 1563230 1563229 1563228 1563227 1565175 1567123 1567124 1567125 1569073 1569074 1571022 1571023 1571024 1571025 1572972 1572971 1572970 1572969 1571021 1571020 1569072 1569071 1565176 1561280 1565177 1561281 1559333 1559334 1559335 1559336 1565178 1561282 1561283 1561284 1561285 1569077 1565181 1569076 1565180 1567126 1569075 1565179
bot 12 14 666fmd2f -2125171585 1115588 52
owned 12 1115588 1115589 1115590 1115591 1117539 1113643 1111695 1111694 1111693 1111692 1111691 1111690 1111689 1111688 1113636 1115584 1115585 1115586 1117534 1117535 1119483 1119484 1119485 1119486 1121433 1121432 1121431 1121430 1119482 1119481 1117533 1117532 1113637 1109741 1113638 1109742 1107794 1107795 1107796 1107797 1113639 1109743 1109744 1109745 1109746 1117538 1113642 1117537 1113641 1115587 1117536 1113640
bot 13 15 vybu8oes 2095769353 889433 52
owned 13 889433 889434 889435 889436 891384 887488 885540 885539 885538 885537 885536 885535 885534 885533 887481 889429 889430 889431 891379 891380 893328 893329 893330 893331 895278 895277 895276 895275 893327 893326 891378 891377 887482 883586 887483 883587 881639 881640 881641 881642 887484 883588 883589 883590 883591 891383 887487 891382 887486 889432 891381 887485
bot 14 16 tlx2iciq 1076827768 504886 52
owned 14 504886 504887 504888 504889 506837 502941 500993 500992 500991 500990 500989 500988 500987 500986 502934 504882 504883 504884 506832 506833 508781 508782 508783 508784 510731 510730 510729 510728 508780 508779 506831 506830 502935 499039 502936 499040 497092 497093 497094 497095 502937 499041 499042 499043 499044 506836 502940 506835 502939 504885 506834 502938
bot 15 17 8i7cuo9t 1041878418 1520735 52
owned 15 1520735 1520736 1520737 1520738 1522686 1518790 1516842 1516841 1516840 1516839 1516838 1516837 1516836 1516835 1518783 1520731 1520732 1520733 1522681 1522682 1524630 1524631 1524632 1524633 1526580 1526579 1526578 1526577 1524629 1524628 1522680 1522679 1518784 1514888 1518785 1514889 1512941 1512942 1512943 1512944 1518786 1514890 1514891 1514892 1514893 1522685 1518789 1522684 1518788 1520734 1522683 1518787
bot 16 18 ay8xa67r 1238569276 2089760 52
owned 16 2089760 2089761 2089762 2089763 2091711 2087815 2085867 2085866 2085865 2085864 2085863 2085862 2085861 2085860 2087808 2089756 2089757 2089758 2091706 2091707 2093655 2093656 2093657 2093658 2095605 2095604 2095603 2095602 2093654 2093653 2091705 2091704 2087809 2083913 2087810 2083914 2081966 2081967 2081968 2081969 2087811 2083915 2083916 2083917 2083918 2091710 2087814 2091709 2087813 2089759 2091708 2087812
bot 17 19 fha1xhrw -2086814691 1741312 52
owned 17 1741312 1741313 1741314 1741315 1743263 1739367 1737419 1737418 1737417 1737416 1737415 1737414 1737413 1737412 1739360 1741308 1741309 1741310 1743258 1743259 1745207 1745208 1745209 1745210 1747157 1747156 1747155 1747154 1745206 1745205 1743257 1743256 1739361 1735465 1739362 1735466 1733518 1733519 1733520 1733521 1739363 1735467 1735468 1735469 1735470 1743262 1739366 1743261 1739365 1741311 1743260 1739364
