# ofcuda_prng initial-state v1 (port spawn/initial state; engine-bit-exact)
# source reference /opt/data/workspaces/skg/ofcuda_matrix/out/matrix/refs/africa_a64_nat0.spawn.txt
map africa
seed parity
game_id QqkIuyke
game_hash 223241348
agents 64
nations 0
human_agents 1
width 1948
height 2032
min_dist 30
player 1 H nd8079oo -1 0 0
player 2 B 7kmb47oc 425159 1 52
player 3 B su965kfe 1693713 1 52
player 4 B 4918e5rs 2118813 1 52
player 5 B 0grah7qg 1179510 1 52
player 6 B 79lbhuod 354112 1 52
player 7 B 0eay8wsu 1672567 1 52
player 8 B l4g4juu8 3737454 1 52
player 9 B gsw4n5km 1534836 1 52
player 10 B ooz4f963 1363119 1 52
player 11 B g49bog52 1246290 1 52
player 12 B vl3arc4y 488823 1 52
player 13 B 26spmsu2 1567127 1 52
player 14 B 666fmd2f 1115588 1 52
player 15 B vybu8oes 889433 1 52
player 16 B tlx2iciq 504886 1 52
player 17 B 8i7cuo9t 1520735 1 52
player 18 B ay8xa67r 2089760 1 52
player 19 B fha1xhrw 1741312 1 52
player 20 B 0n5m7v7w 1627959 1 52
player 21 B g1kcotxi 469175 1 52
player 22 B onu80sk7 515898 1 52
player 23 B mt378h9n 3120003 1 52
player 24 B bo2xv2tw 1561908 1 52
player 25 B 4j0jwl8e 946000 1 52
player 26 B 2q1yboxl 1083796 1 52
player 27 B uf1afynu 2305647 1 52
player 28 B hnp5jsyu 2399168 1 52
player 29 B 3ks2xdvj 1247543 1 52
player 30 B 6udu18l9 716538 1 52
player 31 B u9qkgxb0 1355431 1 52
player 32 B gxzvzcy1 838911 1 52
player 33 B soumc8lx 3519283 1 52
player 34 B pbtdxhy8 1310235 1 52
player 35 B 7qca320q 646625 1 52
player 36 B qu4dw13r 948227 1 52
player 37 B uf42rmom 806795 1 52
player 38 B 5pzo5nyp 2184877 1 52
player 39 B lpeu6a40 3064101 1 52
player 40 B m01qyq41 1564466 1 52
player 41 B qp5j7mcl 1185505 1 52
player 42 B daoks386 352132 1 52
player 43 B 1adrc0if 590707 1 52
player 44 B z2sjy7tl 916036 1 52
player 45 B 2a2pcqq2 1049900 1 52
player 46 B 965x3zic 1693023 1 52
player 47 B yytwuuvv 1057520 1 52
player 48 B 0bq4zvkx 2270448 1 52
player 49 B fqo7elia 1792951 1 52
player 50 B xb2eodru 487845 1 52
player 51 B dn2a1fmz 857438 1 52
player 52 B c657fqi1 1793236 1 52
player 53 B 3oa0wbik 1134255 1 52
player 54 B bbor86ta 1906860 1 52
player 55 B ke481hq3 334243 1 52
player 56 B 1p7me35b 1204704 1 52
player 57 B ros1fefm 1415525 1 52
player 58 B bbj4439d 999399 1 52
player 59 B 50euwmgf 855821 1 52
player 60 B 6ifrrqwg 2697108 1 52
player 61 B t3qojvzx 484290 1 52
player 62 B e39s2b1x 683160 1 52
player 63 B 8elalp3o 3002831 1 52
player 64 B drzdgt29 3289701 1 52
player 65 B a5l13l40 2375864 1 52
bot 0 2 7kmb47oc 979863364 425159 52
owned 0 425159 425160 425161 425162 427110 423214 421266 421265 421264 421263 421262 421261 421260 421259 423207 425155 425156 425157 427105 427106 429054 429055 429056 429057 431004 431003 431002 431001 429053 429052 427104 427103 423208 419312 423209 419313 417365 417366 417367 417368 423210 419314 419315 419316 419317 427109 423213 427108 423212 425158 427107 423211
bot 1 3 su965kfe 1225099288 1693713 52
owned 1 1693713 1693714 1693715 1693716 1695664 1691768 1689820 1689819 1689818 1689817 1689816 1689815 1689814 1689813 1691761 1693709 1693710 1693711 1695659 1695660 1697608 1697609 1697610 1697611 1699558 1699557 1699556 1699555 1697607 1697606 1695658 1695657 1691762 1687866 1691763 1687867 1685919 1685920 1685921 1685922 1691764 1687868 1687869 1687870 1687871 1695663 1691767 1695662 1691766 1693712 1695661 1691765
bot 2 4 4918e5rs 1160776865 2118813 52
owned 2 2118813 2118814 2118815 2118816 2120764 2116868 2114920 2114919 2114918 2114917 2114916 2114915 2114914 2114913 2116861 2118809 2118810 2118811 2120759 2120760 2122708 2122709 2122710 2122711 2124658 2124657 2124656 2124655 2122707 2122706 2120758 2120757 2116862 2112966 2116863 2112967 2111019 2111020 2111021 2111022 2116864 2112968 2112969 2112970 2112971 2120763 2116867 2120762 2116866 2118812 2120761 2116865
bot 3 5 0grah7qg -2107334215 1179510 52
owned 3 1179510 1179511 1179512 1179513 1181461 1177565 1175617 1175616 1175615 1175614 1175613 1175612 1175611 1175610 1177558 1179506 1179507 1179508 1181456 1181457 1183405 1183406 1183407 1183408 1185355 1185354 1185353 1185352 1183404 1183403 1181455 1181454 1177559 1173663 1177560 1173664 1171716 1171717 1171718 1171719 1177561 1173665 1173666 1173667 1173668 1181460 1177564 1181459 1177563 1179509 1181458 1177562
bot 4 6 79lbhuod 919150858 354112 52
owned 4 354112 354113 354114 354115 356063 352167 350219 350218 350217 350216 350215 350214 350213 350212 352160 354108 354109 354110 356058 356059 358007 358008 358009 358010 359957 359956 359955 359954 358006 358005 356057 356056 352161 348265 352162 348266 346318 346319 346320 346321 352163 348267 348268 348269 348270 356062 352166 356061 352165 354111 356060 352164
bot 5 7 0eay8wsu 312910098 1672567 52
owned 5 1672567 1672568 1672569 1672570 1674518 1670622 1668674 1668673 1668672 1668671 1668670 1668669 1668668 1668667 1670615 1672563 1672564 1672565 1674513 1674514 1676462 1676463 1676464 1676465 1678412 1678411 1678410 1678409 1676461 1676460 1674512 1674511 1670616 1666720 1670617 1666721 1664773 1664774 1664775 1664776 1670618 1666722 1666723 1666724 1666725 1674517 1670621 1674516 1670620 1672566 1674515 1670619
bot 6 8 l4g4juu8 1373847271 3737454 52
owned 6 3737454 3737455 3737456 3737457 3739405 3735509 3733561 3733560 3733559 3733558 3733557 3733556 3733555 3733554 3735502 3737450 3737451 3737452 3739400 3739401 3741349 3741350 3741351 3741352 3743299 3743298 3743297 3743296 3741348 3741347 3739399 3739398 3735503 3731607 3735504 3731608 3729660 3729661 3729662 3729663 3735505 3731609 3731610 3731611 3731612 3739404 3735508 3739403 3735507 3737453 3739402 3735506
bot 7 9 gsw4n5km 1786011062 1534836 52
owned 7 1534836 1534837 1534838 1534839 1536787 1532891 1530943 1530942 1530941 1530940 1530939 1530938 1530937 1530936 1532884 1534832 1534833 1534834 1536782 1536783 1538731 1538732 1538733 1538734 1540681 1540680 1540679 1540678 1538730 1538729 1536781 1536780 1532885 1528989 1532886 1528990 1527042 1527043 1527044 1527045 1532887 1528991 1528992 1528993 1528994 1536786 1532890 1536785 1532889 1534835 1536784 1532888
bot 8 10 ooz4f963 1067254298 1363119 52
owned 8 1363119 1363120 1363121 1363122 1365070 1361174 1359226 1359225 1359224 1359223 1359222 1359221 1359220 1359219 1361167 1363115 1363116 1363117 1365065 1365066 1367014 1367015 1367016 1367017 1368964 1368963 1368962 1368961 1367013 1367012 1365064 1365063 1361168 1357272 1361169 1357273 1355325 1355326 1355327 1355328 1361170 1357274 1357275 1357276 1357277 1365069 1361173 1365068 1361172 1363118 1365067 1361171
bot 9 11 g49bog52 471077977 1246290 52
owned 9 1246290 1246291 1246292 1246293 1248241 1244345 1242397 1242396 1242395 1242394 1242393 1242392 1242391 1242390 1244338 1246286 1246287 1246288 1248236 1248237 1250185 1250186 1250187 1250188 1252135 1252134 1252133 1252132 1250184 1250183 1248235 1248234 1244339 1240443 1244340 1240444 1238496 1238497 1238498 1238499 1244341 1240445 1240446 1240447 1240448 1248240 1244344 1248239 1244343 1246289 1248238 1244342
bot 10 12 vl3arc4y 2110741002 488823 52
owned 10 488823 488824 488825 488826 490774 486878 484930 484929 484928 484927 484926 484925 484924 484923 486871 488819 488820 488821 490769 490770 492718 492719 492720 492721 494668 494667 494666 494665 492717 492716 490768 490767 486872 482976 486873 482977 481029 481030 481031 481032 486874 482978 482979 482980 482981 490773 486877 490772 486876 488822 490771 486875
bot 11 13 26spmsu2 1249151528 1567127 52
owned 11 1567127 1567128 1567129 1567130 1569078 1565182 1563234 1563233 1563232 1563231 1563230 1563229 1563228 1563227 1565175 1567123 1567124 1567125 1569073 1569074 1571022 1571023 1571024 1571025 1572972 1572971 1572970 1572969 1571021 1571020 1569072 1569071 1565176 1561280 1565177 1561281 1559333 1559334 1559335 1559336 1565178 1561282 1561283 1561284 1561285 1569077 1565181 1569076 1565180 1567126 1569075 1565179
bot 12 14 666fmd2f -2125171585 1115588 52
owned 12 1115588 1115589 1115590 1115591 1117539 1113643 1111695 1111694 1111693 1111692 1111691 1111690 1111689 1111688 1113636 1115584 1115585 1115586 1117534 1117535 1119483 1119484 1119485 1119486 1121433 1121432 1121431 1121430 1119482 1119481 1117533 1117532 1113637 1109741 1113638 1109742 1107794 1107795 1107796 1107797 1113639 1109743 1109744 1109745 1109746 1117538 1113642 1117537 1113641 1115587 1117536 1113640
bot 13 15 vybu8oes 2095769353 889433 52
owned 13 889433 889434 889435 889436 891384 887488 885540 885539 885538 885537 885536 885535 885534 885533 887481 889429 889430 889431 891379 891380 893328 893329 893330 893331 895278 895277 895276 895275 893327 893326 891378 891377 887482 883586 887483 883587 881639 881640 881641 881642 887484 883588 883589 883590 883591 891383 887487 891382 887486 889432 891381 887485
bot 14 16 tlx2iciq 1076827768 504886 52
owned 14 504886 504887 504888 504889 506837 502941 500993 500992 500991 500990 500989 500988 500987 500986 502934 504882 504883 504884 506832 506833 508781 508782 508783 508784 510731 510730 510729 510728 508780 508779 506831 506830 502935 499039 502936 499040 497092 497093 497094 497095 502937 499041 499042 499043 499044 506836 502940 506835 502939 504885 506834 502938
bot 15 17 8i7cuo9t 1041878418 1520735 52
owned 15 1520735 1520736 1520737 1520738 1522686 1518790 1516842 1516841 1516840 1516839 1516838 1516837 1516836 1516835 1518783 1520731 1520732 1520733 1522681 1522682 1524630 1524631 1524632 1524633 1526580 1526579 1526578 1526577 1524629 1524628 1522680 1522679 1518784 1514888 1518785 1514889 1512941 1512942 1512943 1512944 1518786 1514890 1514891 1514892 1514893 1522685 1518789 1522684 1518788 1520734 1522683 1518787
bot 16 18 ay8xa67r 1238569276 2089760 52
owned 16 2089760 2089761 2089762 2089763 2091711 2087815 2085867 2085866 2085865 2085864 2085863 2085862 2085861 2085860 2087808 2089756 2089757 2089758 2091706 2091707 2093655 2093656 2093657 2093658 2095605 2095604 2095603 2095602 2093654 2093653 2091705 2091704 2087809 2083913 2087810 2083914 2081966 2081967 2081968 2081969 2087811 2083915 2083916 2083917 2083918 2091710 2087814 2091709 2087813 2089759 2091708 2087812
bot 17 19 fha1xhrw -2086814691 1741312 52
owned 17 1741312 1741313 1741314 1741315 1743263 1739367 1737419 1737418 1737417 1737416 1737415 1737414 1737413 1737412 1739360 1741308 1741309 1741310 1743258 1743259 1745207 1745208 1745209 1745210 1747157 1747156 1747155 1747154 1745206 1745205 1743257 1743256 1739361 1735465 1739362 1735466 1733518 1733519 1733520 1733521 1739363 1735467 1735468 1735469 1735470 1743262 1739366 1743261 1739365 1741311 1743260 1739364
bot 18 20 0n5m7v7w 2006771567 1627959 52
owned 18 1627959 1627960 1627961 1627962 1629910 1626014 1624066 1624065 1624064 1624063 1624062 1624061 1624060 1624059 1626007 1627955 1627956 1627957 1629905 1629906 1631854 1631855 1631856 1631857 1633804 1633803 1633802 1633801 1631853 1631852 1629904 1629903 1626008 1622112 1626009 1622113 1620165 1620166 1620167 1620168 1626010 1622114 1622115 1622116 1622117 1629909 1626013 1629908 1626012 1627958 1629907 1626011
bot 19 21 g1kcotxi 1701193324 469175 52
owned 19 469175 469176 469177 469178 471126 467230 465282 465281 465280 465279 465278 465277 465276 465275 467223 469171 469172 469173 471121 471122 473070 473071 473072 473073 475020 475019 475018 475017 473069 473068 471120 471119 467224 463328 467225 463329 461381 461382 461383 461384 467226 463330 463331 463332 463333 471125 467229 471124 467228 469174 471123 467227
bot 20 22 onu80sk7 2095760979 515898 52
owned 20 515898 515899 515900 515901 517849 513953 512005 512004 512003 512002 512001 512000 511999 511998 513946 515894 515895 515896 517844 517845 519793 519794 519795 519796 521743 521742 521741 521740 519792 519791 517843 517842 513947 510051 513948 510052 508104 508105 508106 508107 513949 510053 510054 510055 510056 517848 513952 517847 513951 515897 517846 513950
bot 21 23 mt378h9n 2146580788 3120003 52
owned 21 3120003 3120004 3120005 3120006 3121954 3118058 3116110 3116109 3116108 3116107 3116106 3116105 3116104 3116103 3118051 3119999 3120000 3120001 3121949 3121950 3123898 3123899 3123900 3123901 3125848 3125847 3125846 3125845 3123897 3123896 3121948 3121947 3118052 3114156 3118053 3114157 3112209 3112210 3112211 3112212 3118054 3114158 3114159 3114160 3114161 3121953 3118057 3121952 3118056 3120002 3121951 3118055
bot 22 24 bo2xv2tw 494470294 1561908 52
owned 22 1561908 1561909 1561910 1561911 1563859 1559963 1558015 1558014 1558013 1558012 1558011 1558010 1558009 1558008 1559956 1561904 1561905 1561906 1563854 1563855 1565803 1565804 1565805 1565806 1567753 1567752 1567751 1567750 1565802 1565801 1563853 1563852 1559957 1556061 1559958 1556062 1554114 1554115 1554116 1554117 1559959 1556063 1556064 1556065 1556066 1563858 1559962 1563857 1559961 1561907 1563856 1559960
bot 23 25 4j0jwl8e 1716918454 946000 52
owned 23 946000 946001 946002 946003 947951 944055 942107 942106 942105 942104 942103 942102 942101 942100 944048 945996 945997 945998 947946 947947 949895 949896 949897 949898 951845 951844 951843 951842 949894 949893 947945 947944 944049 940153 944050 940154 938206 938207 938208 938209 944051 940155 940156 940157 940158 947950 944054 947949 944053 945999 947948 944052
bot 24 26 2q1yboxl 255765212 1083796 52
owned 24 1083796 1083797 1083798 1083799 1085747 1081851 1079903 1079902 1079901 1079900 1079899 1079898 1079897 1079896 1081844 1083792 1083793 1083794 1085742 1085743 1087691 1087692 1087693 1087694 1089641 1089640 1089639 1089638 1087690 1087689 1085741 1085740 1081845 1077949 1081846 1077950 1076002 1076003 1076004 1076005 1081847 1077951 1077952 1077953 1077954 1085746 1081850 1085745 1081849 1083795 1085744 1081848
bot 25 27 uf1afynu 646231689 2305647 52
owned 25 2305647 2305648 2305649 2305650 2307598 2303702 2301754 2301753 2301752 2301751 2301750 2301749 2301748 2301747 2303695 2305643 2305644 2305645 2307593 2307594 2309542 2309543 2309544 2309545 2311492 2311491 2311490 2311489 2309541 2309540 2307592 2307591 2303696 2299800 2303697 2299801 2297853 2297854 2297855 2297856 2303698 2299802 2299803 2299804 2299805 2307597 2303701 2307596 2303700 2305646 2307595 2303699
bot 26 28 hnp5jsyu 1554719380 2399168 52
owned 26 2399168 2399169 2399170 2399171 2401119 2397223 2395275 2395274 2395273 2395272 2395271 2395270 2395269 2395268 2397216 2399164 2399165 2399166 2401114 2401115 2403063 2403064 2403065 2403066 2405013 2405012 2405011 2405010 2403062 2403061 2401113 2401112 2397217 2393321 2397218 2393322 2391374 2391375 2391376 2391377 2397219 2393323 2393324 2393325 2393326 2401118 2397222 2401117 2397221 2399167 2401116 2397220
bot 27 29 3ks2xdvj 2013378221 1247543 52
owned 27 1247543 1247544 1247545 1247546 1249494 1245598 1243650 1243649 1243648 1243647 1243646 1243645 1243644 1243643 1245591 1247539 1247540 1247541 1249489 1249490 1251438 1251439 1251440 1251441 1253388 1253387 1253386 1253385 1251437 1251436 1249488 1249487 1245592 1241696 1245593 1241697 1239749 1239750 1239751 1239752 1245594 1241698 1241699 1241700 1241701 1249493 1245597 1249492 1245596 1247542 1249491 1245595
bot 28 30 6udu18l9 1164531456 716538 52
owned 28 716538 716539 716540 716541 718489 714593 712645 712644 712643 712642 712641 712640 712639 712638 714586 716534 716535 716536 718484 718485 720433 720434 720435 720436 722383 722382 722381 722380 720432 720431 718483 718482 714587 710691 714588 710692 708744 708745 708746 708747 714589 710693 710694 710695 710696 718488 714592 718487 714591 716537 718486 714590
bot 29 31 u9qkgxb0 358820289 1355431 52
owned 29 1355431 1355432 1355433 1355434 1357382 1353486 1351538 1351537 1351536 1351535 1351534 1351533 1351532 1351531 1353479 1355427 1355428 1355429 1357377 1357378 1359326 1359327 1359328 1359329 1361276 1361275 1361274 1361273 1359325 1359324 1357376 1357375 1353480 1349584 1353481 1349585 1347637 1347638 1347639 1347640 1353482 1349586 1349587 1349588 1349589 1357381 1353485 1357380 1353484 1355430 1357379 1353483
bot 30 32 gxzvzcy1 2075804082 838911 52
owned 30 838911 838912 838913 838914 840862 836966 835018 835017 835016 835015 835014 835013 835012 835011 836959 838907 838908 838909 840857 840858 842806 842807 842808 842809 844756 844755 844754 844753 842805 842804 840856 840855 836960 833064 836961 833065 831117 831118 831119 831120 836962 833066 833067 833068 833069 840861 836965 840860 836964 838910 840859 836963
bot 31 33 soumc8lx 1964908793 3519283 52
owned 31 3519283 3519284 3519285 3519286 3521234 3517338 3515390 3515389 3515388 3515387 3515386 3515385 3515384 3515383 3517331 3519279 3519280 3519281 3521229 3521230 3523178 3523179 3523180 3523181 3525128 3525127 3525126 3525125 3523177 3523176 3521228 3521227 3517332 3513436 3517333 3513437 3511489 3511490 3511491 3511492 3517334 3513438 3513439 3513440 3513441 3521233 3517337 3521232 3517336 3519282 3521231 3517335
bot 32 34 pbtdxhy8 -1952436939 1310235 52
owned 32 1310235 1310236 1310237 1310238 1312186 1308290 1306342 1306341 1306340 1306339 1306338 1306337 1306336 1306335 1308283 1310231 1310232 1310233 1312181 1312182 1314130 1314131 1314132 1314133 1316080 1316079 1316078 1316077 1314129 1314128 1312180 1312179 1308284 1304388 1308285 1304389 1302441 1302442 1302443 1302444 1308286 1304390 1304391 1304392 1304393 1312185 1308289 1312184 1308288 1310234 1312183 1308287
bot 33 35 7qca320q 1722666588 646625 52
owned 33 646625 646626 646627 646628 648576 644680 642732 642731 642730 642729 642728 642727 642726 642725 644673 646621 646622 646623 648571 648572 650520 650521 650522 650523 652470 652469 652468 652467 650519 650518 648570 648569 644674 640778 644675 640779 638831 638832 638833 638834 644676 640780 640781 640782 640783 648575 644679 648574 644678 646624 648573 644677
bot 34 36 qu4dw13r 1935691025 948227 52
owned 34 948227 948228 948229 948230 950178 946282 944334 944333 944332 944331 944330 944329 944328 944327 946275 948223 948224 948225 950173 950174 952122 952123 952124 952125 954072 954071 954070 954069 952121 952120 950172 950171 946276 942380 946277 942381 940433 940434 940435 940436 946278 942382 942383 942384 942385 950177 946281 950176 946280 948226 950175 946279
bot 35 37 uf42rmom 603403740 806795 52
owned 35 806795 806796 806797 806798 808746 804850 802902 802901 802900 802899 802898 802897 802896 802895 804843 806791 806792 806793 808741 808742 810690 810691 810692 810693 812640 812639 812638 812637 810689 810688 808740 808739 804844 800948 804845 800949 799001 799002 799003 799004 804846 800950 800951 800952 800953 808745 804849 808744 804848 806794 808743 804847
bot 36 38 5pzo5nyp -1978938492 2184877 52
owned 36 2184877 2184878 2184879 2184880 2186828 2182932 2180984 2180983 2180982 2180981 2180980 2180979 2180978 2180977 2182925 2184873 2184874 2184875 2186823 2186824 2188772 2188773 2188774 2188775 2190722 2190721 2190720 2190719 2188771 2188770 2186822 2186821 2182926 2179030 2182927 2179031 2177083 2177084 2177085 2177086 2182928 2179032 2179033 2179034 2179035 2186827 2182931 2186826 2182930 2184876 2186825 2182929
bot 37 39 lpeu6a40 1655789225 3064101 52
owned 37 3064101 3064102 3064103 3064104 3066052 3062156 3060208 3060207 3060206 3060205 3060204 3060203 3060202 3060201 3062149 3064097 3064098 3064099 3066047 3066048 3067996 3067997 3067998 3067999 3069946 3069945 3069944 3069943 3067995 3067994 3066046 3066045 3062150 3058254 3062151 3058255 3056307 3056308 3056309 3056310 3062152 3058256 3058257 3058258 3058259 3066051 3062155 3066050 3062154 3064100 3066049 3062153
bot 38 40 m01qyq41 -1925929108 1564466 52
owned 38 1564466 1564467 1564468 1564469 1566417 1562521 1560573 1560572 1560571 1560570 1560569 1560568 1560567 1560566 1562514 1564462 1564463 1564464 1566412 1566413 1568361 1568362 1568363 1568364 1570311 1570310 1570309 1570308 1568360 1568359 1566411 1566410 1562515 1558619 1562516 1558620 1556672 1556673 1556674 1556675 1562517 1558621 1558622 1558623 1558624 1566416 1562520 1566415 1562519 1564465 1566414 1562518
bot 39 41 qp5j7mcl 1825462711 1185505 52
owned 39 1185505 1185506 1185507 1185508 1187456 1183560 1181612 1181611 1181610 1181609 1181608 1181607 1181606 1181605 1183553 1185501 1185502 1185503 1187451 1187452 1189400 1189401 1189402 1189403 1191350 1191349 1191348 1191347 1189399 1189398 1187450 1187449 1183554 1179658 1183555 1179659 1177711 1177712 1177713 1177714 1183556 1179660 1179661 1179662 1179663 1187455 1183559 1187454 1183558 1185504 1187453 1183557
bot 40 42 daoks386 1879256123 352132 52
owned 40 352132 352133 352134 352135 354083 350187 348239 348238 348237 348236 348235 348234 348233 348232 350180 352128 352129 352130 354078 354079 356027 356028 356029 356030 357977 357976 357975 357974 356026 356025 354077 354076 350181 346285 350182 346286 344338 344339 344340 344341 350183 346287 346288 346289 346290 354082 350186 354081 350185 352131 354080 350184
bot 41 43 1adrc0if 1860141724 590707 52
owned 41 590707 590708 590709 590710 592658 588762 586814 586813 586812 586811 586810 586809 586808 586807 588755 590703 590704 590705 592653 592654 594602 594603 594604 594605 596552 596551 596550 596549 594601 594600 592652 592651 588756 584860 588757 584861 582913 582914 582915 582916 588758 584862 584863 584864 584865 592657 588761 592656 588760 590706 592655 588759
bot 42 44 z2sjy7tl 1824294623 916036 52
owned 42 916036 916037 916038 916039 917987 914091 912143 912142 912141 912140 912139 912138 912137 912136 914084 916032 916033 916034 917982 917983 919931 919932 919933 919934 921881 921880 921879 921878 919930 919929 917981 917980 914085 910189 914086 910190 908242 908243 908244 908245 914087 910191 910192 910193 910194 917986 914090 917985 914089 916035 917984 914088
bot 43 45 2a2pcqq2 1550573320 1049900 52
owned 43 1049900 1049901 1049902 1049903 1051851 1047955 1046007 1046006 1046005 1046004 1046003 1046002 1046001 1046000 1047948 1049896 1049897 1049898 1051846 1051847 1053795 1053796 1053797 1053798 1055745 1055744 1055743 1055742 1053794 1053793 1051845 1051844 1047949 1044053 1047950 1044054 1042106 1042107 1042108 1042109 1047951 1044055 1044056 1044057 1044058 1051850 1047954 1051849 1047953 1049899 1051848 1047952
bot 44 46 965x3zic 1651901379 1693023 52
owned 44 1693023 1693024 1693025 1693026 1694974 1691078 1689130 1689129 1689128 1689127 1689126 1689125 1689124 1689123 1691071 1693019 1693020 1693021 1694969 1694970 1696918 1696919 1696920 1696921 1698868 1698867 1698866 1698865 1696917 1696916 1694968 1694967 1691072 1687176 1691073 1687177 1685229 1685230 1685231 1685232 1691074 1687178 1687179 1687180 1687181 1694973 1691077 1694972 1691076 1693022 1694971 1691075
bot 45 47 yytwuuvv 643310337 1057520 52
owned 45 1057520 1057521 1057522 1057523 1059471 1055575 1053627 1053626 1053625 1053624 1053623 1053622 1053621 1053620 1055568 1057516 1057517 1057518 1059466 1059467 1061415 1061416 1061417 1061418 1063365 1063364 1063363 1063362 1061414 1061413 1059465 1059464 1055569 1051673 1055570 1051674 1049726 1049727 1049728 1049729 1055571 1051675 1051676 1051677 1051678 1059470 1055574 1059469 1055573 1057519 1059468 1055572
bot 46 48 0bq4zvkx -1953292478 2270448 52
owned 46 2270448 2270449 2270450 2270451 2272399 2268503 2266555 2266554 2266553 2266552 2266551 2266550 2266549 2266548 2268496 2270444 2270445 2270446 2272394 2272395 2274343 2274344 2274345 2274346 2276293 2276292 2276291 2276290 2274342 2274341 2272393 2272392 2268497 2264601 2268498 2264602 2262654 2262655 2262656 2262657 2268499 2264603 2264604 2264605 2264606 2272398 2268502 2272397 2268501 2270447 2272396 2268500
bot 47 49 fqo7elia -1958284618 1792951 52
owned 47 1792951 1792952 1792953 1792954 1794902 1791006 1789058 1789057 1789056 1789055 1789054 1789053 1789052 1789051 1790999 1792947 1792948 1792949 1794897 1794898 1796846 1796847 1796848 1796849 1798796 1798795 1798794 1798793 1796845 1796844 1794896 1794895 1791000 1787104 1791001 1787105 1785157 1785158 1785159 1785160 1791002 1787106 1787107 1787108 1787109 1794901 1791005 1794900 1791004 1792950 1794899 1791003
bot 48 50 xb2eodru 1511238585 487845 52
owned 48 487845 487846 487847 487848 489796 485900 483952 483951 483950 483949 483948 483947 483946 483945 485893 487841 487842 487843 489791 489792 491740 491741 491742 491743 493690 493689 493688 493687 491739 491738 489790 489789 485894 481998 485895 481999 480051 480052 480053 480054 485896 482000 482001 482002 482003 489795 485899 489794 485898 487844 489793 485897
bot 49 51 dn2a1fmz 1672109513 857438 52
owned 49 857438 857439 857440 857441 859389 855493 853545 853544 853543 853542 853541 853540 853539 853538 855486 857434 857435 857436 859384 859385 861333 861334 861335 861336 863283 863282 863281 863280 861332 861331 859383 859382 855487 851591 855488 851592 849644 849645 849646 849647 855489 851593 851594 851595 851596 859388 855492 859387 855491 857437 859386 855490
bot 50 52 c657fqi1 1526829564 1793236 52
owned 50 1793236 1793237 1793238 1793239 1795187 1791291 1789343 1789342 1789341 1789340 1789339 1789338 1789337 1789336 1791284 1793232 1793233 1793234 1795182 1795183 1797131 1797132 1797133 1797134 1799081 1799080 1799079 1799078 1797130 1797129 1795181 1795180 1791285 1787389 1791286 1787390 1785442 1785443 1785444 1785445 1791287 1787391 1787392 1787393 1787394 1795186 1791290 1795185 1791289 1793235 1795184 1791288
bot 51 53 3oa0wbik 1465915324 1134255 52
owned 51 1134255 1134256 1134257 1134258 1136206 1132310 1130362 1130361 1130360 1130359 1130358 1130357 1130356 1130355 1132303 1134251 1134252 1134253 1136201 1136202 1138150 1138151 1138152 1138153 1140100 1140099 1140098 1140097 1138149 1138148 1136200 1136199 1132304 1128408 1132305 1128409 1126461 1126462 1126463 1126464 1132306 1128410 1128411 1128412 1128413 1136205 1132309 1136204 1132308 1134254 1136203 1132307
bot 52 54 bbor86ta 1160631798 1906860 52
owned 52 1906860 1906861 1906862 1906863 1908811 1904915 1902967 1902966 1902965 1902964 1902963 1902962 1902961 1902960 1904908 1906856 1906857 1906858 1908806 1908807 1910755 1910756 1910757 1910758 1912705 1912704 1912703 1912702 1910754 1910753 1908805 1908804 1904909 1901013 1904910 1901014 1899066 1899067 1899068 1899069 1904911 1901015 1901016 1901017 1901018 1908810 1904914 1908809 1904913 1906859 1908808 1904912
bot 53 55 ke481hq3 1735541677 334243 52
owned 53 334243 334244 334245 334246 336194 332298 330350 330349 330348 330347 330346 330345 330344 330343 332291 334239 334240 334241 336189 336190 338138 338139 338140 338141 340088 340087 340086 340085 338137 338136 336188 336187 332292 328396 332293 328397 326449 326450 326451 326452 332294 328398 328399 328400 328401 336193 332297 336192 332296 334242 336191 332295
bot 54 56 1p7me35b 2016093044 1204704 52
owned 54 1204704 1204705 1204706 1204707 1206655 1202759 1200811 1200810 1200809 1200808 1200807 1200806 1200805 1200804 1202752 1204700 1204701 1204702 1206650 1206651 1208599 1208600 1208601 1208602 1210549 1210548 1210547 1210546 1208598 1208597 1206649 1206648 1202753 1198857 1202754 1198858 1196910 1196911 1196912 1196913 1202755 1198859 1198860 1198861 1198862 1206654 1202758 1206653 1202757 1204703 1206652 1202756
bot 55 57 ros1fefm 336921379 1415525 52
owned 55 1415525 1415526 1415527 1415528 1417476 1413580 1411632 1411631 1411630 1411629 1411628 1411627 1411626 1411625 1413573 1415521 1415522 1415523 1417471 1417472 1419420 1419421 1419422 1419423 1421370 1421369 1421368 1421367 1419419 1419418 1417470 1417469 1413574 1409678 1413575 1409679 1407731 1407732 1407733 1407734 1413576 1409680 1409681 1409682 1409683 1417475 1413579 1417474 1413578 1415524 1417473 1413577
bot 56 58 bbj4439d 1361159728 999399 52
owned 56 999399 999400 999401 999402 1001350 997454 995506 995505 995504 995503 995502 995501 995500 995499 997447 999395 999396 999397 1001345 1001346 1003294 1003295 1003296 1003297 1005244 1005243 1005242 1005241 1003293 1003292 1001344 1001343 997448 993552 997449 993553 991605 991606 991607 991608 997450 993554 993555 993556 993557 1001349 997453 1001348 997452 999398 1001347 997451
bot 57 59 50euwmgf 756661700 855821 52
owned 57 855821 855822 855823 855824 857772 853876 851928 851927 851926 851925 851924 851923 851922 851921 853869 855817 855818 855819 857767 857768 859716 859717 859718 859719 861666 861665 861664 861663 859715 859714 857766 857765 853870 849974 853871 849975 848027 848028 848029 848030 853872 849976 849977 849978 849979 857771 853875 857770 853874 855820 857769 853873
bot 58 60 6ifrrqwg 1573288274 2697108 52
owned 58 2697108 2697109 2697110 2697111 2699059 2695163 2693215 2693214 2693213 2693212 2693211 2693210 2693209 2693208 2695156 2697104 2697105 2697106 2699054 2699055 2701003 2701004 2701005 2701006 2702953 2702952 2702951 2702950 2701002 2701001 2699053 2699052 2695157 2691261 2695158 2691262 2689314 2689315 2689316 2689317 2695159 2691263 2691264 2691265 2691266 2699058 2695162 2699057 2695161 2697107 2699056 2695160
bot 59 61 t3qojvzx 1884704811 484290 52
owned 59 484290 484291 484292 484293 486241 482345 480397 480396 480395 480394 480393 480392 480391 480390 482338 484286 484287 484288 486236 486237 488185 488186 488187 488188 490135 490134 490133 490132 488184 488183 486235 486234 482339 478443 482340 478444 476496 476497 476498 476499 482341 478445 478446 478447 478448 486240 482344 486239 482343 484289 486238 482342
bot 60 62 e39s2b1x 535357285 683160 52
owned 60 683160 683161 683162 683163 685111 681215 679267 679266 679265 679264 679263 679262 679261 679260 681208 683156 683157 683158 685106 685107 687055 687056 687057 687058 689005 689004 689003 689002 687054 687053 685105 685104 681209 677313 681210 677314 675366 675367 675368 675369 681211 677315 677316 677317 677318 685110 681214 685109 681213 683159 685108 681212
bot 61 63 8elalp3o 1664787462 3002831 52
owned 61 3002831 3002832 3002833 3002834 3004782 3000886 2998938 2998937 2998936 2998935 2998934 2998933 2998932 2998931 3000879 3002827 3002828 3002829 3004777 3004778 3006726 3006727 3006728 3006729 3008676 3008675 3008674 3008673 3006725 3006724 3004776 3004775 3000880 2996984 3000881 2996985 2995037 2995038 2995039 2995040 3000882 2996986 2996987 2996988 2996989 3004781 3000885 3004780 3000884 3002830 3004779 3000883
bot 62 64 drzdgt29 351372376 3289701 52
owned 62 3289701 3289702 3289703 3289704 3291652 3287756 3285808 3285807 3285806 3285805 3285804 3285803 3285802 3285801 3287749 3289697 3289698 3289699 3291647 3291648 3293596 3293597 3293598 3293599 3295546 3295545 3295544 3295543 3293595 3293594 3291646 3291645 3287750 3283854 3287751 3283855 3281907 3281908 3281909 3281910 3287752 3283856 3283857 3283858 3283859 3291651 3287755 3291650 3287754 3289700 3291649 3287753
bot 63 65 a5l13l40 409032466 2375864 52
owned 63 2375864 2375865 2375866 2375867 2377815 2373919 2371971 2371970 2371969 2371968 2371967 2371966 2371965 2371964 2373912 2375860 2375861 2375862 2377810 2377811 2379759 2379760 2379761 2379762 2381709 2381708 2381707 2381706 2379758 2379757 2377809 2377808 2373913 2370017 2373914 2370018 2368070 2368071 2368072 2368073 2373915 2370019 2370020 2370021 2370022 2377814 2373918 2377813 2373917 2375863 2377812 2373916
