# ofcuda_prng initial-state v1 (port spawn/initial state; engine-bit-exact)
# source reference /opt/data/workspaces/skg/ofcuda_matrix/out/matrix/refs/africa_a2_nat0.spawn.txt
map africa
seed parity
game_id QqkIuyke
game_hash 223241348
agents 2
nations 0
human_agents 1
width 1948
height 2032
min_dist 30
player 1 H nd8079oo -1 0 0
player 2 B 7kmb47oc 425159 1 52
player 3 B su965kfe 1693713 1 52
bot 0 2 7kmb47oc 979863364 425159 52
owned 0 425159 425160 425161 425162 427110 423214 421266 421265 421264 421263 421262 421261 421260 421259 423207 425155 425156 425157 427105 427106 429054 429055 429056 429057 431004 431003 431002 431001 429053 429052 427104 427103 423208 419312 423209 419313 417365 417366 417367 417368 423210 419314 419315 419316 419317 427109 423213 427108 423212 425158 427107 423211
bot 1 3 su965kfe 1225099288 1693713 52
owned 1 1693713 1693714 1693715 1693716 1695664 1691768 1689820 1689819 1689818 1689817 1689816 1689815 1689814 1689813 1691761 1693709 1693710 1693711 1695659 1695660 1697608 1697609 1697610 1697611 1699558 1699557 1699556 1699555 1697607 1697606 1695658 1695657 1691762 1687866 1691763 1687867 1685919 1685920 1685921 1685922 1691764 1687868 1687869 1687870 1687871 1695663 1691767 1695662 1691766 1693712 1695661 1691765
