# ofcuda_prng initial-state v1 (port spawn/initial state; engine-bit-exact)
# source reference /opt/data/workspaces/skg/ofcuda_matrix/out/matrix/refs/amazonriver_a18_nat0.spawn.txt
map amazonriver
seed parity
game_id QqkIuyke
game_hash 223241348
agents 18
nations 0
human_agents 1
width 5536
height 276
min_dist 30
player 1 H nd8079oo -1 0 0
player 2 B 7kmb47oc 161952 1 52
player 3 B su965kfe 1111816 1 52
player 4 B 4918e5rs 1212964 1 52
player 5 B 0grah7qg 456708 1 52
player 6 B 79lbhuod 45018 1 52
player 7 B 0eay8wsu 545804 1 52
player 8 B l4g4juu8 1442744 1 52
player 9 B gsw4n5km 1368740 1 52
player 10 B ooz4f963 962566 1 52
player 11 B g49bog52 480411 1 52
player 12 B vl3arc4y 715375 1 52
player 13 B 26spmsu2 148161 1 52
player 14 B 666fmd2f 976489 1 52
player 15 B vybu8oes 346488 1 52
player 16 B tlx2iciq 194767 1 52
player 17 B 8i7cuo9t 893159 1 52
player 18 B ay8xa67r 1029773 1 52
player 19 B fha1xhrw 674825 1 52
bot 0 2 7kmb47oc 979863364 161952 52
owned 0 161952 161953 161954 161955 167491 156419 150883 150882 150881 150880 150879 150878 150877 150876 156412 161948 161949 161950 167486 167487 173023 173024 173025 173026 178561 178560 178559 178558 173022 173021 167485 167484 156413 145341 156414 145342 139806 139807 139808 139809 156415 145343 145344 145345 145346 167490 156418 167489 156417 161951 167488 156416
bot 1 3 su965kfe 1225099288 1111816 52
owned 1 1111816 1111817 1111818 1111819 1117355 1106283 1100747 1100746 1100745 1100744 1100743 1100742 1100741 1100740 1106276 1111812 1111813 1111814 1117350 1117351 1122887 1122888 1122889 1122890 1128425 1128424 1128423 1128422 1122886 1122885 1117349 1117348 1106277 1095205 1106278 1095206 1089670 1089671 1089672 1089673 1106279 1095207 1095208 1095209 1095210 1117354 1106282 1117353 1106281 1111815 1117352 1106280
bot 2 4 4918e5rs 1160776865 1212964 52
owned 2 1212964 1212965 1212966 1212967 1218503 1207431 1201895 1201894 1201893 1201892 1201891 1201890 1201889 1201888 1207424 1212960 1212961 1212962 1218498 1218499 1224035 1224036 1224037 1224038 1229573 1229572 1229571 1229570 1224034 1224033 1218497 1218496 1207425 1196353 1207426 1196354 1190818 1190819 1190820 1190821 1207427 1196355 1196356 1196357 1196358 1218502 1207430 1218501 1207429 1212963 1218500 1207428
bot 3 5 0grah7qg -2107334215 456708 52
owned 3 456708 456709 456710 456711 462247 451175 445639 445638 445637 445636 445635 445634 445633 445632 451168 456704 456705 456706 462242 462243 467779 467780 467781 467782 473317 473316 473315 473314 467778 467777 462241 462240 451169 440097 451170 440098 434562 434563 434564 434565 451171 440099 440100 440101 440102 462246 451174 462245 451173 456707 462244 451172
bot 4 6 79lbhuod 919150858 45018 52
owned 4 45018 45019 45020 45021 50557 39485 33949 33948 33947 33946 33945 33944 33943 33942 39478 45014 45015 45016 50552 50553 56089 56090 56091 56092 61627 61626 61625 61624 56088 56087 50551 50550 39479 28407 39480 28408 22872 22873 22874 22875 39481 28409 28410 28411 28412 50556 39484 50555 39483 45017 50554 39482
bot 5 7 0eay8wsu 312910098 545804 52
owned 5 545804 545805 545806 545807 551343 540271 534735 534734 534733 534732 534731 534730 534729 534728 540264 545800 545801 545802 551338 551339 556875 556876 556877 556878 562413 562412 562411 562410 556874 556873 551337 551336 540265 529193 540266 529194 523658 523659 523660 523661 540267 529195 529196 529197 529198 551342 540270 551341 540269 545803 551340 540268
bot 6 8 l4g4juu8 1373847271 1442744 52
owned 6 1442744 1442745 1442746 1442747 1448283 1437211 1431675 1431674 1431673 1431672 1431671 1431670 1431669 1431668 1437204 1442740 1442741 1442742 1448278 1448279 1453815 1453816 1453817 1453818 1459353 1459352 1459351 1459350 1453814 1453813 1448277 1448276 1437205 1426133 1437206 1426134 1420598 1420599 1420600 1420601 1437207 1426135 1426136 1426137 1426138 1448282 1437210 1448281 1437209 1442743 1448280 1437208
bot 7 9 gsw4n5km 1786011062 1368740 52
owned 7 1368740 1368741 1368742 1368743 1374279 1363207 1357671 1357670 1357669 1357668 1357667 1357666 1357665 1357664 1363200 1368736 1368737 1368738 1374274 1374275 1379811 1379812 1379813 1379814 1385349 1385348 1385347 1385346 1379810 1379809 1374273 1374272 1363201 1352129 1363202 1352130 1346594 1346595 1346596 1346597 1363203 1352131 1352132 1352133 1352134 1374278 1363206 1374277 1363205 1368739 1374276 1363204
bot 8 10 ooz4f963 1067254298 962566 52
owned 8 962566 962567 962568 962569 968105 957033 951497 951496 951495 951494 951493 951492 951491 951490 957026 962562 962563 962564 968100 968101 973637 973638 973639 973640 979175 979174 979173 979172 973636 973635 968099 968098 957027 945955 957028 945956 940420 940421 940422 940423 957029 945957 945958 945959 945960 968104 957032 968103 957031 962565 968102 957030
bot 9 11 g49bog52 471077977 480411 52
owned 9 480411 480412 480413 480414 485950 474878 469342 469341 469340 469339 469338 469337 469336 469335 474871 480407 480408 480409 485945 485946 491482 491483 491484 491485 497020 497019 497018 497017 491481 491480 485944 485943 474872 463800 474873 463801 458265 458266 458267 458268 474874 463802 463803 463804 463805 485949 474877 485948 474876 480410 485947 474875
bot 10 12 vl3arc4y 2110741002 715375 52
owned 10 715375 715376 715377 715378 720914 709842 704306 704305 704304 704303 704302 704301 704300 704299 709835 715371 715372 715373 720909 720910 726446 726447 726448 726449 731984 731983 731982 731981 726445 726444 720908 720907 709836 698764 709837 698765 693229 693230 693231 693232 709838 698766 698767 698768 698769 720913 709841 720912 709840 715374 720911 709839
bot 11 13 26spmsu2 1249151528 148161 52
owned 11 148161 148162 148163 148164 153700 142628 137092 137091 137090 137089 137088 137087 137086 137085 142621 148157 148158 148159 153695 153696 159232 159233 159234 159235 164770 164769 164768 164767 159231 159230 153694 153693 142622 131550 142623 131551 126015 126016 126017 126018 142624 131552 131553 131554 131555 153699 142627 153698 142626 148160 153697 142625
bot 12 14 666fmd2f -2125171585 976489 52
owned 12 976489 976490 976491 976492 982028 970956 965420 965419 965418 965417 965416 965415 965414 965413 970949 976485 976486 976487 982023 982024 987560 987561 987562 987563 993098 993097 993096 993095 987559 987558 982022 982021 970950 959878 970951 959879 954343 954344 954345 954346 970952 959880 959881 959882 959883 982027 970955 982026 970954 976488 982025 970953
bot 13 15 vybu8oes 2095769353 346488 52
owned 13 346488 346489 346490 346491 352027 340955 335419 335418 335417 335416 335415 335414 335413 335412 340948 346484 346485 346486 352022 352023 357559 357560 357561 357562 363097 363096 363095 363094 357558 357557 352021 352020 340949 329877 340950 329878 324342 324343 324344 324345 340951 329879 329880 329881 329882 352026 340954 352025 340953 346487 352024 340952
bot 14 16 tlx2iciq 1076827768 194767 52
owned 14 194767 194768 194769 194770 200306 189234 183698 183697 183696 183695 183694 183693 183692 183691 189227 194763 194764 194765 200301 200302 205838 205839 205840 205841 211376 211375 211374 211373 205837 205836 200300 200299 189228 178156 189229 178157 172621 172622 172623 172624 189230 178158 178159 178160 178161 200305 189233 200304 189232 194766 200303 189231
bot 15 17 8i7cuo9t 1041878418 893159 52
owned 15 893159 893160 893161 893162 898698 887626 882090 882089 882088 882087 882086 882085 882084 882083 887619 893155 893156 893157 898693 898694 904230 904231 904232 904233 909768 909767 909766 909765 904229 904228 898692 898691 887620 876548 887621 876549 871013 871014 871015 871016 887622 876550 876551 876552 876553 898697 887625 898696 887624 893158 898695 887623
bot 16 18 ay8xa67r 1238569276 1029773 52
owned 16 1029773 1029774 1029775 1029776 1035312 1024240 1018704 1018703 1018702 1018701 1018700 1018699 1018698 1018697 1024233 1029769 1029770 1029771 1035307 1035308 1040844 1040845 1040846 1040847 1046382 1046381 1046380 1046379 1040843 1040842 1035306 1035305 1024234 1013162 1024235 1013163 1007627 1007628 1007629 1007630 1024236 1013164 1013165 1013166 1013167 1035311 1024239 1035310 1024238 1029772 1035309 1024237
bot 17 19 fha1xhrw -2086814691 674825 52
owned 17 674825 674826 674827 674828 680364 669292 663756 663755 663754 663753 663752 663751 663750 663749 669285 674821 674822 674823 680359 680360 685896 685897 685898 685899 691434 691433 691432 691431 685895 685894 680358 680357 669286 658214 669287 658215 652679 652680 652681 652682 669288 658216 658217 658218 658219 680363 669291 680362 669290 674824 680361 669289
