# ofcuda_prng initial-state v1 (port spawn/initial state; engine-bit-exact)
# source reference /opt/data/workspaces/skg/ofcuda_matrix/out/matrix/refs/europe_a2_nat0.spawn.txt
map europe
seed parity
game_id QqkIuyke
game_hash 223241348
agents 2
nations 0
human_agents 1
width 2904
height 1672
min_dist 30
player 1 H nd8079oo -1 0 0
player 2 B 7kmb47oc 4418024 1 52
player 3 B su965kfe 3530781 1 52
bot 0 2 7kmb47oc 979863364 4418024 52
owned 0 4418024 4418025 4418026 4418027 4420931 4415123 4412219 4412218 4412217 4412216 4412215 4412214 4412213 4412212 4415116 4418020 4418021 4418022 4420926 4420927 4423831 4423832 4423833 4423834 4426737 4426736 4426735 4426734 4423830 4423829 4420925 4420924 4415117 4409309 4415118 4409310 4406406 4406407 4406408 4406409 4415119 4409311 4409312 4409313 4409314 4420930 4415122 4420929 4415121 4418023 4420928 4415120
bot 1 3 su965kfe 1225099288 3530781 52
owned 1 3530781 3530782 3530783 3530784 3533688 3527880 3524976 3524975 3524974 3524973 3524972 3524971 3524970 3524969 3527873 3530777 3530778 3530779 3533683 3533684 3536588 3536589 3536590 3536591 3539494 3539493 3539492 3539491 3536587 3536586 3533682 3533681 3527874 3522066 3527875 3522067 3519163 3519164 3519165 3519166 3527876 3522068 3522069 3522070 3522071 3533687 3527879 3533686 3527878 3530780 3533685 3527877
