# ofcuda_prng initial-state v1 (port spawn/initial state; engine-bit-exact)
# source reference /opt/data/workspaces/skg/ofcuda_matrix/out/matrix/refs/europe_a18_nat0.spawn.txt
map europe
seed parity
game_id QqkIuyke
game_hash 223241348
agents 18
nations 0
human_agents 1
width 2904
height 1672
min_dist 30
player 1 H nd8079oo -1 0 0
player 2 B 7kmb47oc 4418024 1 52
player 3 B su965kfe 3530781 1 52
player 4 B 4918e5rs 4554721 1 52
player 5 B 0grah7qg 2087686 1 52
player 6 B 79lbhuod 434967 1 52
player 7 B 0eay8wsu 2051988 1 52
player 8 B l4g4juu8 4142420 1 52
player 9 B gsw4n5km 1884416 1 52
player 10 B ooz4f963 4219316 1 52
player 11 B g49bog52 3594765 1 52
player 12 B vl3arc4y 2271574 1 52
player 13 B 26spmsu2 466856 1 52
player 14 B 666fmd2f 2760796 1 52
player 15 B vybu8oes 2819328 1 52
player 16 B tlx2iciq 1773324 1 52
player 17 B 8i7cuo9t 1866299 1 52
player 18 B ay8xa67r 2563570 1 52
player 19 B fha1xhrw 1701400 1 52
bot 0 2 7kmb47oc 979863364 4418024 52
owned 0 4418024 4418025 4418026 4418027 4420931 4415123 4412219 4412218 4412217 4412216 4412215 4412214 4412213 4412212 4415116 4418020 4418021 4418022 4420926 4420927 4423831 4423832 4423833 4423834 4426737 4426736 4426735 4426734 4423830 4423829 4420925 4420924 4415117 4409309 4415118 4409310 4406406 4406407 4406408 4406409 4415119 4409311 4409312 4409313 4409314 4420930 4415122 4420929 4415121 4418023 4420928 4415120
bot 1 3 su965kfe 1225099288 3530781 52
owned 1 3530781 3530782 3530783 3530784 3533688 3527880 3524976 3524975 3524974 3524973 3524972 3524971 3524970 3524969 3527873 3530777 3530778 3530779 3533683 3533684 3536588 3536589 3536590 3536591 3539494 3539493 3539492 3539491 3536587 3536586 3533682 3533681 3527874 3522066 3527875 3522067 3519163 3519164 3519165 3519166 3527876 3522068 3522069 3522070 3522071 3533687 3527879 3533686 3527878 3530780 3533685 3527877
bot 2 4 4918e5rs 1160776865 4554721 52
owned 2 4554721 4554722 4554723 4554724 4557628 4551820 4548916 4548915 4548914 4548913 4548912 4548911 4548910 4548909 4551813 4554717 4554718 4554719 4557623 4557624 4560528 4560529 4560530 4560531 4563434 4563433 4563432 4563431 4560527 4560526 4557622 4557621 4551814 4546006 4551815 4546007 4543103 4543104 4543105 4543106 4551816 4546008 4546009 4546010 4546011 4557627 4551819 4557626 4551818 4554720 4557625 4551817
bot 3 5 0grah7qg -2107334215 2087686 52
owned 3 2087686 2087687 2087688 2087689 2090593 2084785 2081881 2081880 2081879 2081878 2081877 2081876 2081875 2081874 2084778 2087682 2087683 2087684 2090588 2090589 2093493 2093494 2093495 2093496 2096399 2096398 2096397 2096396 2093492 2093491 2090587 2090586 2084779 2078971 2084780 2078972 2076068 2076069 2076070 2076071 2084781 2078973 2078974 2078975 2078976 2090592 2084784 2090591 2084783 2087685 2090590 2084782
bot 4 6 79lbhuod 919150858 434967 52
owned 4 434967 434968 434969 434970 437874 432066 429162 429161 429160 429159 429158 429157 429156 429155 432059 434963 434964 434965 437869 437870 440774 440775 440776 440777 443680 443679 443678 443677 440773 440772 437868 437867 432060 426252 432061 426253 423349 423350 423351 423352 432062 426254 426255 426256 426257 437873 432065 437872 432064 434966 437871 432063
bot 5 7 0eay8wsu 312910098 2051988 52
owned 5 2051988 2051989 2051990 2051991 2054895 2049087 2046183 2046182 2046181 2046180 2046179 2046178 2046177 2046176 2049080 2051984 2051985 2051986 2054890 2054891 2057795 2057796 2057797 2057798 2060701 2060700 2060699 2060698 2057794 2057793 2054889 2054888 2049081 2043273 2049082 2043274 2040370 2040371 2040372 2040373 2049083 2043275 2043276 2043277 2043278 2054894 2049086 2054893 2049085 2051987 2054892 2049084
bot 6 8 l4g4juu8 1373847271 4142420 52
owned 6 4142420 4142421 4142422 4142423 4145327 4139519 4136615 4136614 4136613 4136612 4136611 4136610 4136609 4136608 4139512 4142416 4142417 4142418 4145322 4145323 4148227 4148228 4148229 4148230 4151133 4151132 4151131 4151130 4148226 4148225 4145321 4145320 4139513 4133705 4139514 4133706 4130802 4130803 4130804 4130805 4139515 4133707 4133708 4133709 4133710 4145326 4139518 4145325 4139517 4142419 4145324 4139516
bot 7 9 gsw4n5km 1786011062 1884416 52
owned 7 1884416 1884417 1884418 1884419 1887323 1881515 1878611 1878610 1878609 1878608 1878607 1878606 1878605 1878604 1881508 1884412 1884413 1884414 1887318 1887319 1890223 1890224 1890225 1890226 1893129 1893128 1893127 1893126 1890222 1890221 1887317 1887316 1881509 1875701 1881510 1875702 1872798 1872799 1872800 1872801 1881511 1875703 1875704 1875705 1875706 1887322 1881514 1887321 1881513 1884415 1887320 1881512
bot 8 10 ooz4f963 1067254298 4219316 52
owned 8 4219316 4219317 4219318 4219319 4222223 4216415 4213511 4213510 4213509 4213508 4213507 4213506 4213505 4213504 4216408 4219312 4219313 4219314 4222218 4222219 4225123 4225124 4225125 4225126 4228029 4228028 4228027 4228026 4225122 4225121 4222217 4222216 4216409 4210601 4216410 4210602 4207698 4207699 4207700 4207701 4216411 4210603 4210604 4210605 4210606 4222222 4216414 4222221 4216413 4219315 4222220 4216412
bot 9 11 g49bog52 471077977 3594765 52
owned 9 3594765 3594766 3594767 3594768 3597672 3591864 3588960 3588959 3588958 3588957 3588956 3588955 3588954 3588953 3591857 3594761 3594762 3594763 3597667 3597668 3600572 3600573 3600574 3600575 3603478 3603477 3603476 3603475 3600571 3600570 3597666 3597665 3591858 3586050 3591859 3586051 3583147 3583148 3583149 3583150 3591860 3586052 3586053 3586054 3586055 3597671 3591863 3597670 3591862 3594764 3597669 3591861
bot 10 12 vl3arc4y 2110741002 2271574 52
owned 10 2271574 2271575 2271576 2271577 2274481 2268673 2265769 2265768 2265767 2265766 2265765 2265764 2265763 2265762 2268666 2271570 2271571 2271572 2274476 2274477 2277381 2277382 2277383 2277384 2280287 2280286 2280285 2280284 2277380 2277379 2274475 2274474 2268667 2262859 2268668 2262860 2259956 2259957 2259958 2259959 2268669 2262861 2262862 2262863 2262864 2274480 2268672 2274479 2268671 2271573 2274478 2268670
bot 11 13 26spmsu2 1249151528 466856 52
owned 11 466856 466857 466858 466859 469763 463955 461051 461050 461049 461048 461047 461046 461045 461044 463948 466852 466853 466854 469758 469759 472663 472664 472665 472666 475569 475568 475567 475566 472662 472661 469757 469756 463949 458141 463950 458142 455238 455239 455240 455241 463951 458143 458144 458145 458146 469762 463954 469761 463953 466855 469760 463952
bot 12 14 666fmd2f -2125171585 2760796 52
owned 12 2760796 2760797 2760798 2760799 2763703 2757895 2754991 2754990 2754989 2754988 2754987 2754986 2754985 2754984 2757888 2760792 2760793 2760794 2763698 2763699 2766603 2766604 2766605 2766606 2769509 2769508 2769507 2769506 2766602 2766601 2763697 2763696 2757889 2752081 2757890 2752082 2749178 2749179 2749180 2749181 2757891 2752083 2752084 2752085 2752086 2763702 2757894 2763701 2757893 2760795 2763700 2757892
bot 13 15 vybu8oes 2095769353 2819328 52
owned 13 2819328 2819329 2819330 2819331 2822235 2816427 2813523 2813522 2813521 2813520 2813519 2813518 2813517 2813516 2816420 2819324 2819325 2819326 2822230 2822231 2825135 2825136 2825137 2825138 2828041 2828040 2828039 2828038 2825134 2825133 2822229 2822228 2816421 2810613 2816422 2810614 2807710 2807711 2807712 2807713 2816423 2810615 2810616 2810617 2810618 2822234 2816426 2822233 2816425 2819327 2822232 2816424
bot 14 16 tlx2iciq 1076827768 1773324 52
owned 14 1773324 1773325 1773326 1773327 1776231 1770423 1767519 1767518 1767517 1767516 1767515 1767514 1767513 1767512 1770416 1773320 1773321 1773322 1776226 1776227 1779131 1779132 1779133 1779134 1782037 1782036 1782035 1782034 1779130 1779129 1776225 1776224 1770417 1764609 1770418 1764610 1761706 1761707 1761708 1761709 1770419 1764611 1764612 1764613 1764614 1776230 1770422 1776229 1770421 1773323 1776228 1770420
bot 15 17 8i7cuo9t 1041878418 1866299 52
owned 15 1866299 1866300 1866301 1866302 1869206 1863398 1860494 1860493 1860492 1860491 1860490 1860489 1860488 1860487 1863391 1866295 1866296 1866297 1869201 1869202 1872106 1872107 1872108 1872109 1875012 1875011 1875010 1875009 1872105 1872104 1869200 1869199 1863392 1857584 1863393 1857585 1854681 1854682 1854683 1854684 1863394 1857586 1857587 1857588 1857589 1869205 1863397 1869204 1863396 1866298 1869203 1863395
bot 16 18 ay8xa67r 1238569276 2563570 52
owned 16 2563570 2563571 2563572 2563573 2566477 2560669 2557765 2557764 2557763 2557762 2557761 2557760 2557759 2557758 2560662 2563566 2563567 2563568 2566472 2566473 2569377 2569378 2569379 2569380 2572283 2572282 2572281 2572280 2569376 2569375 2566471 2566470 2560663 2554855 2560664 2554856 2551952 2551953 2551954 2551955 2560665 2554857 2554858 2554859 2554860 2566476 2560668 2566475 2560667 2563569 2566474 2560666
bot 17 19 fha1xhrw -2086814691 1701400 52
owned 17 1701400 1701401 1701402 1701403 1704307 1698499 1695595 1695594 1695593 1695592 1695591 1695590 1695589 1695588 1698492 1701396 1701397 1701398 1704302 1704303 1707207 1707208 1707209 1707210 1710113 1710112 1710111 1710110 1707206 1707205 1704301 1704300 1698493 1692685 1698494 1692686 1689782 1689783 1689784 1689785 1698495 1692687 1692688 1692689 1692690 1704306 1698498 1704305 1698497 1701399 1704304 1698496
