# ofcuda_spawn reference v1  (engine ground truth, arbitrary N)
# repo /opt/data/workspaces/skg/openfront-ai
map europe
seed parity
game_id QqkIuyke
game_hash 223241348
agents 7
nations 0
human_agents 1
width 2904
height 1672
min_dist 30
player 1 H nd8079oo -1 0 0
player 2 B 7kmb47oc 4418024 1 52
player 3 B su965kfe 3530781 1 52
player 4 B 4918e5rs 4554721 1 52
player 5 B 0grah7qg 2087686 1 52
player 6 B 79lbhuod 434967 1 52
player 7 B 0eay8wsu 2051988 1 52
player 8 B l4g4juu8 4142420 1 52
bot 0 2 7kmb47oc 979863364 4418024 1040 1521 52
owned 0 4406406
owned 0 4406407
owned 0 4406408
owned 0 4406409
owned 0 4409309
owned 0 4409310
owned 0 4409311
owned 0 4409312
owned 0 4409313
owned 0 4409314
owned 0 4412212
owned 0 4412213
owned 0 4412214
owned 0 4412215
owned 0 4412216
owned 0 4412217
owned 0 4412218
owned 0 4412219
owned 0 4415116
owned 0 4415117
owned 0 4415118
owned 0 4415119
owned 0 4415120
owned 0 4415121
owned 0 4415122
owned 0 4415123
owned 0 4418020
owned 0 4418021
owned 0 4418022
owned 0 4418023
owned 0 4418024
owned 0 4418025
owned 0 4418026
owned 0 4418027
owned 0 4420924
owned 0 4420925
owned 0 4420926
owned 0 4420927
owned 0 4420928
owned 0 4420929
owned 0 4420930
owned 0 4420931
owned 0 4423829
owned 0 4423830
owned 0 4423831
owned 0 4423832
owned 0 4423833
owned 0 4423834
owned 0 4426734
owned 0 4426735
owned 0 4426736
owned 0 4426737
bot 1 3 su965kfe 1225099288 3530781 2421 1215 52
owner 1 4418024 2
owner 1 4415120 2
owner 1 4420928 2
owner 1 4418023 2
owner 1 4418025 2
owner 1 4415121 2
owner 1 4420929 2
owner 1 4418026 2
owner 1 4415122 2
owner 1 4420930 2
owner 1 4418027 2
owner 1 4415123 2
owner 1 4420931 2
owner 1 4412219 2
owner 1 4412218 2
owner 1 4409314 2
owner 1 4412217 2
owner 1 4409313 2
owner 1 4412216 2
owner 1 4409312 2
owner 1 4412215 2
owner 1 4409311 2
owner 1 4415119 2
owner 1 4412214 2
owner 1 4409310 2
owner 1 4415118 2
owner 1 4412213 2
owner 1 4409309 2
owner 1 4415117 2
owner 1 4412212 2
owner 1 4415116 2
owner 1 4418020 2
owner 1 4420924 2
owner 1 4418021 2
owner 1 4420925 2
owner 1 4418022 2
owner 1 4420926 2
owner 1 4423830 2
owner 1 4420927 2
owner 1 4423831 2
owner 1 4426735 2
owner 1 4423832 2
owner 1 4426736 2
owner 1 4423833 2
owner 1 4426737 2
owner 1 4423834 2
owner 1 4426734 2
owner 1 4423829 2
owner 1 4406406 2
owner 1 4406407 2
owner 1 4406408 2
owner 1 4406409 2
prev 1 4418024
owned 1 3519163
owned 1 3519164
owned 1 3519165
owned 1 3519166
owned 1 3522066
owned 1 3522067
owned 1 3522068
owned 1 3522069
owned 1 3522070
owned 1 3522071
owned 1 3524969
owned 1 3524970
owned 1 3524971
owned 1 3524972
owned 1 3524973
owned 1 3524974
owned 1 3524975
owned 1 3524976
owned 1 3527873
owned 1 3527874
owned 1 3527875
owned 1 3527876
owned 1 3527877
owned 1 3527878
owned 1 3527879
owned 1 3527880
owned 1 3530777
owned 1 3530778
owned 1 3530779
owned 1 3530780
owned 1 3530781
owned 1 3530782
owned 1 3530783
owned 1 3530784
owned 1 3533681
owned 1 3533682
owned 1 3533683
owned 1 3533684
owned 1 3533685
owned 1 3533686
owned 1 3533687
owned 1 3533688
owned 1 3536586
owned 1 3536587
owned 1 3536588
owned 1 3536589
owned 1 3536590
owned 1 3536591
owned 1 3539491
owned 1 3539492
owned 1 3539493
owned 1 3539494
bot 2 4 4918e5rs 1160776865 4554721 1249 1568 52
owner 2 4418024 2
owner 2 4415120 2
owner 2 4420928 2
owner 2 4418023 2
owner 2 4418025 2
owner 2 4415121 2
owner 2 4420929 2
owner 2 4418026 2
owner 2 4415122 2
owner 2 4420930 2
owner 2 4418027 2
owner 2 4415123 2
owner 2 4420931 2
owner 2 4412219 2
owner 2 4412218 2
owner 2 4409314 2
owner 2 4412217 2
owner 2 4409313 2
owner 2 4412216 2
owner 2 4409312 2
owner 2 4412215 2
owner 2 4409311 2
owner 2 4415119 2
owner 2 4412214 2
owner 2 4409310 2
owner 2 4415118 2
owner 2 4412213 2
owner 2 4409309 2
owner 2 4415117 2
owner 2 4412212 2
owner 2 4415116 2
owner 2 4418020 2
owner 2 4420924 2
owner 2 4418021 2
owner 2 4420925 2
owner 2 4418022 2
owner 2 4420926 2
owner 2 4423830 2
owner 2 4420927 2
owner 2 4423831 2
owner 2 4426735 2
owner 2 4423832 2
owner 2 4426736 2
owner 2 4423833 2
owner 2 4426737 2
owner 2 4423834 2
owner 2 4426734 2
owner 2 4423829 2
owner 2 4406406 2
owner 2 4406407 2
owner 2 4406408 2
owner 2 4406409 2
owner 2 3530781 3
owner 2 3527877 3
owner 2 3533685 3
owner 2 3530780 3
owner 2 3530782 3
owner 2 3527878 3
owner 2 3533686 3
owner 2 3530783 3
owner 2 3527879 3
owner 2 3533687 3
owner 2 3530784 3
owner 2 3527880 3
owner 2 3533688 3
owner 2 3524976 3
owner 2 3524975 3
owner 2 3522071 3
owner 2 3524974 3
owner 2 3522070 3
owner 2 3524973 3
owner 2 3522069 3
owner 2 3524972 3
owner 2 3522068 3
owner 2 3527876 3
owner 2 3524971 3
owner 2 3522067 3
owner 2 3527875 3
owner 2 3524970 3
owner 2 3522066 3
owner 2 3527874 3
owner 2 3524969 3
owner 2 3527873 3
owner 2 3530777 3
owner 2 3533681 3
owner 2 3530778 3
owner 2 3533682 3
owner 2 3530779 3
owner 2 3533683 3
owner 2 3536587 3
owner 2 3533684 3
owner 2 3536588 3
owner 2 3539492 3
owner 2 3536589 3
owner 2 3539493 3
owner 2 3536590 3
owner 2 3539494 3
owner 2 3536591 3
owner 2 3539491 3
owner 2 3536586 3
owner 2 3519163 3
owner 2 3519164 3
owner 2 3519165 3
owner 2 3519166 3
prev 2 4418024
prev 2 3530781
owned 2 4543103
owned 2 4543104
owned 2 4543105
owned 2 4543106
owned 2 4546006
owned 2 4546007
owned 2 4546008
owned 2 4546009
owned 2 4546010
owned 2 4546011
owned 2 4548909
owned 2 4548910
owned 2 4548911
owned 2 4548912
owned 2 4548913
owned 2 4548914
owned 2 4548915
owned 2 4548916
owned 2 4551813
owned 2 4551814
owned 2 4551815
owned 2 4551816
owned 2 4551817
owned 2 4551818
owned 2 4551819
owned 2 4551820
owned 2 4554717
owned 2 4554718
owned 2 4554719
owned 2 4554720
owned 2 4554721
owned 2 4554722
owned 2 4554723
owned 2 4554724
owned 2 4557621
owned 2 4557622
owned 2 4557623
owned 2 4557624
owned 2 4557625
owned 2 4557626
owned 2 4557627
owned 2 4557628
owned 2 4560526
owned 2 4560527
owned 2 4560528
owned 2 4560529
owned 2 4560530
owned 2 4560531
owned 2 4563431
owned 2 4563432
owned 2 4563433
owned 2 4563434
bot 3 5 0grah7qg -2107334215 2087686 2614 718 52
owner 3 4418024 2
owner 3 4415120 2
owner 3 4420928 2
owner 3 4418023 2
owner 3 4418025 2
owner 3 4415121 2
owner 3 4420929 2
owner 3 4418026 2
owner 3 4415122 2
owner 3 4420930 2
owner 3 4418027 2
owner 3 4415123 2
owner 3 4420931 2
owner 3 4412219 2
owner 3 4412218 2
owner 3 4409314 2
owner 3 4412217 2
owner 3 4409313 2
owner 3 4412216 2
owner 3 4409312 2
owner 3 4412215 2
owner 3 4409311 2
owner 3 4415119 2
owner 3 4412214 2
owner 3 4409310 2
owner 3 4415118 2
owner 3 4412213 2
owner 3 4409309 2
owner 3 4415117 2
owner 3 4412212 2
owner 3 4415116 2
owner 3 4418020 2
owner 3 4420924 2
owner 3 4418021 2
owner 3 4420925 2
owner 3 4418022 2
owner 3 4420926 2
owner 3 4423830 2
owner 3 4420927 2
owner 3 4423831 2
owner 3 4426735 2
owner 3 4423832 2
owner 3 4426736 2
owner 3 4423833 2
owner 3 4426737 2
owner 3 4423834 2
owner 3 4426734 2
owner 3 4423829 2
owner 3 4406406 2
owner 3 4406407 2
owner 3 4406408 2
owner 3 4406409 2
owner 3 3530781 3
owner 3 3527877 3
owner 3 3533685 3
owner 3 3530780 3
owner 3 3530782 3
owner 3 3527878 3
owner 3 3533686 3
owner 3 3530783 3
owner 3 3527879 3
owner 3 3533687 3
owner 3 3530784 3
owner 3 3527880 3
owner 3 3533688 3
owner 3 3524976 3
owner 3 3524975 3
owner 3 3522071 3
owner 3 3524974 3
owner 3 3522070 3
owner 3 3524973 3
owner 3 3522069 3
owner 3 3524972 3
owner 3 3522068 3
owner 3 3527876 3
owner 3 3524971 3
owner 3 3522067 3
owner 3 3527875 3
owner 3 3524970 3
owner 3 3522066 3
owner 3 3527874 3
owner 3 3524969 3
owner 3 3527873 3
owner 3 3530777 3
owner 3 3533681 3
owner 3 3530778 3
owner 3 3533682 3
owner 3 3530779 3
owner 3 3533683 3
owner 3 3536587 3
owner 3 3533684 3
owner 3 3536588 3
owner 3 3539492 3
owner 3 3536589 3
owner 3 3539493 3
owner 3 3536590 3
owner 3 3539494 3
owner 3 3536591 3
owner 3 3539491 3
owner 3 3536586 3
owner 3 3519163 3
owner 3 3519164 3
owner 3 3519165 3
owner 3 3519166 3
owner 3 4554721 4
owner 3 4551817 4
owner 3 4557625 4
owner 3 4554720 4
owner 3 4554722 4
owner 3 4551818 4
owner 3 4557626 4
owner 3 4554723 4
owner 3 4551819 4
owner 3 4557627 4
owner 3 4554724 4
owner 3 4551820 4
owner 3 4557628 4
owner 3 4548916 4
owner 3 4548915 4
owner 3 4546011 4
owner 3 4548914 4
owner 3 4546010 4
owner 3 4548913 4
owner 3 4546009 4
owner 3 4548912 4
owner 3 4546008 4
owner 3 4551816 4
owner 3 4548911 4
owner 3 4546007 4
owner 3 4551815 4
owner 3 4548910 4
owner 3 4546006 4
owner 3 4551814 4
owner 3 4548909 4
owner 3 4551813 4
owner 3 4554717 4
owner 3 4557621 4
owner 3 4554718 4
owner 3 4557622 4
owner 3 4554719 4
owner 3 4557623 4
owner 3 4560527 4
owner 3 4557624 4
owner 3 4560528 4
owner 3 4563432 4
owner 3 4560529 4
owner 3 4563433 4
owner 3 4560530 4
owner 3 4563434 4
owner 3 4560531 4
owner 3 4563431 4
owner 3 4560526 4
owner 3 4543103 4
owner 3 4543104 4
owner 3 4543105 4
owner 3 4543106 4
prev 3 4418024
prev 3 3530781
prev 3 4554721
owned 3 2076068
owned 3 2076069
owned 3 2076070
owned 3 2076071
owned 3 2078971
owned 3 2078972
owned 3 2078973
owned 3 2078974
owned 3 2078975
owned 3 2078976
owned 3 2081874
owned 3 2081875
owned 3 2081876
owned 3 2081877
owned 3 2081878
owned 3 2081879
owned 3 2081880
owned 3 2081881
owned 3 2084778
owned 3 2084779
owned 3 2084780
owned 3 2084781
owned 3 2084782
owned 3 2084783
owned 3 2084784
owned 3 2084785
owned 3 2087682
owned 3 2087683
owned 3 2087684
owned 3 2087685
owned 3 2087686
owned 3 2087687
owned 3 2087688
owned 3 2087689
owned 3 2090586
owned 3 2090587
owned 3 2090588
owned 3 2090589
owned 3 2090590
owned 3 2090591
owned 3 2090592
owned 3 2090593
owned 3 2093491
owned 3 2093492
owned 3 2093493
owned 3 2093494
owned 3 2093495
owned 3 2093496
owned 3 2096396
owned 3 2096397
owned 3 2096398
owned 3 2096399
bot 4 6 79lbhuod 919150858 434967 2271 149 52
owner 4 4418024 2
owner 4 4415120 2
owner 4 4420928 2
owner 4 4418023 2
owner 4 4418025 2
owner 4 4415121 2
owner 4 4420929 2
owner 4 4418026 2
owner 4 4415122 2
owner 4 4420930 2
owner 4 4418027 2
owner 4 4415123 2
owner 4 4420931 2
owner 4 4412219 2
owner 4 4412218 2
owner 4 4409314 2
owner 4 4412217 2
owner 4 4409313 2
owner 4 4412216 2
owner 4 4409312 2
owner 4 4412215 2
owner 4 4409311 2
owner 4 4415119 2
owner 4 4412214 2
owner 4 4409310 2
owner 4 4415118 2
owner 4 4412213 2
owner 4 4409309 2
owner 4 4415117 2
owner 4 4412212 2
owner 4 4415116 2
owner 4 4418020 2
owner 4 4420924 2
owner 4 4418021 2
owner 4 4420925 2
owner 4 4418022 2
owner 4 4420926 2
owner 4 4423830 2
owner 4 4420927 2
owner 4 4423831 2
owner 4 4426735 2
owner 4 4423832 2
owner 4 4426736 2
owner 4 4423833 2
owner 4 4426737 2
owner 4 4423834 2
owner 4 4426734 2
owner 4 4423829 2
owner 4 4406406 2
owner 4 4406407 2
owner 4 4406408 2
owner 4 4406409 2
owner 4 3530781 3
owner 4 3527877 3
owner 4 3533685 3
owner 4 3530780 3
owner 4 3530782 3
owner 4 3527878 3
owner 4 3533686 3
owner 4 3530783 3
owner 4 3527879 3
owner 4 3533687 3
owner 4 3530784 3
owner 4 3527880 3
owner 4 3533688 3
owner 4 3524976 3
owner 4 3524975 3
owner 4 3522071 3
owner 4 3524974 3
owner 4 3522070 3
owner 4 3524973 3
owner 4 3522069 3
owner 4 3524972 3
owner 4 3522068 3
owner 4 3527876 3
owner 4 3524971 3
owner 4 3522067 3
owner 4 3527875 3
owner 4 3524970 3
owner 4 3522066 3
owner 4 3527874 3
owner 4 3524969 3
owner 4 3527873 3
owner 4 3530777 3
owner 4 3533681 3
owner 4 3530778 3
owner 4 3533682 3
owner 4 3530779 3
owner 4 3533683 3
owner 4 3536587 3
owner 4 3533684 3
owner 4 3536588 3
owner 4 3539492 3
owner 4 3536589 3
owner 4 3539493 3
owner 4 3536590 3
owner 4 3539494 3
owner 4 3536591 3
owner 4 3539491 3
owner 4 3536586 3
owner 4 3519163 3
owner 4 3519164 3
owner 4 3519165 3
owner 4 3519166 3
owner 4 4554721 4
owner 4 4551817 4
owner 4 4557625 4
owner 4 4554720 4
owner 4 4554722 4
owner 4 4551818 4
owner 4 4557626 4
owner 4 4554723 4
owner 4 4551819 4
owner 4 4557627 4
owner 4 4554724 4
owner 4 4551820 4
owner 4 4557628 4
owner 4 4548916 4
owner 4 4548915 4
owner 4 4546011 4
owner 4 4548914 4
owner 4 4546010 4
owner 4 4548913 4
owner 4 4546009 4
owner 4 4548912 4
owner 4 4546008 4
owner 4 4551816 4
owner 4 4548911 4
owner 4 4546007 4
owner 4 4551815 4
owner 4 4548910 4
owner 4 4546006 4
owner 4 4551814 4
owner 4 4548909 4
owner 4 4551813 4
owner 4 4554717 4
owner 4 4557621 4
owner 4 4554718 4
owner 4 4557622 4
owner 4 4554719 4
owner 4 4557623 4
owner 4 4560527 4
owner 4 4557624 4
owner 4 4560528 4
owner 4 4563432 4
owner 4 4560529 4
owner 4 4563433 4
owner 4 4560530 4
owner 4 4563434 4
owner 4 4560531 4
owner 4 4563431 4
owner 4 4560526 4
owner 4 4543103 4
owner 4 4543104 4
owner 4 4543105 4
owner 4 4543106 4
owner 4 2087686 5
owner 4 2084782 5
owner 4 2090590 5
owner 4 2087685 5
owner 4 2087687 5
owner 4 2084783 5
owner 4 2090591 5
owner 4 2087688 5
owner 4 2084784 5
owner 4 2090592 5
owner 4 2087689 5
owner 4 2084785 5
owner 4 2090593 5
owner 4 2081881 5
owner 4 2081880 5
owner 4 2078976 5
owner 4 2081879 5
owner 4 2078975 5
owner 4 2081878 5
owner 4 2078974 5
owner 4 2081877 5
owner 4 2078973 5
owner 4 2084781 5
owner 4 2081876 5
owner 4 2078972 5
owner 4 2084780 5
owner 4 2081875 5
owner 4 2078971 5
owner 4 2084779 5
owner 4 2081874 5
owner 4 2084778 5
owner 4 2087682 5
owner 4 2090586 5
owner 4 2087683 5
owner 4 2090587 5
owner 4 2087684 5
owner 4 2090588 5
owner 4 2093492 5
owner 4 2090589 5
owner 4 2093493 5
owner 4 2096397 5
owner 4 2093494 5
owner 4 2096398 5
owner 4 2093495 5
owner 4 2096399 5
owner 4 2093496 5
owner 4 2096396 5
owner 4 2093491 5
owner 4 2076068 5
owner 4 2076069 5
owner 4 2076070 5
owner 4 2076071 5
prev 4 4418024
prev 4 3530781
prev 4 4554721
prev 4 2087686
owned 4 423349
owned 4 423350
owned 4 423351
owned 4 423352
owned 4 426252
owned 4 426253
owned 4 426254
owned 4 426255
owned 4 426256
owned 4 426257
owned 4 429155
owned 4 429156
owned 4 429157
owned 4 429158
owned 4 429159
owned 4 429160
owned 4 429161
owned 4 429162
owned 4 432059
owned 4 432060
owned 4 432061
owned 4 432062
owned 4 432063
owned 4 432064
owned 4 432065
owned 4 432066
owned 4 434963
owned 4 434964
owned 4 434965
owned 4 434966
owned 4 434967
owned 4 434968
owned 4 434969
owned 4 434970
owned 4 437867
owned 4 437868
owned 4 437869
owned 4 437870
owned 4 437871
owned 4 437872
owned 4 437873
owned 4 437874
owned 4 440772
owned 4 440773
owned 4 440774
owned 4 440775
owned 4 440776
owned 4 440777
owned 4 443677
owned 4 443678
owned 4 443679
owned 4 443680
bot 5 7 0eay8wsu 312910098 2051988 1764 706 52
owner 5 4418024 2
owner 5 4415120 2
owner 5 4420928 2
owner 5 4418023 2
owner 5 4418025 2
owner 5 4415121 2
owner 5 4420929 2
owner 5 4418026 2
owner 5 4415122 2
owner 5 4420930 2
owner 5 4418027 2
owner 5 4415123 2
owner 5 4420931 2
owner 5 4412219 2
owner 5 4412218 2
owner 5 4409314 2
owner 5 4412217 2
owner 5 4409313 2
owner 5 4412216 2
owner 5 4409312 2
owner 5 4412215 2
owner 5 4409311 2
owner 5 4415119 2
owner 5 4412214 2
owner 5 4409310 2
owner 5 4415118 2
owner 5 4412213 2
owner 5 4409309 2
owner 5 4415117 2
owner 5 4412212 2
owner 5 4415116 2
owner 5 4418020 2
owner 5 4420924 2
owner 5 4418021 2
owner 5 4420925 2
owner 5 4418022 2
owner 5 4420926 2
owner 5 4423830 2
owner 5 4420927 2
owner 5 4423831 2
owner 5 4426735 2
owner 5 4423832 2
owner 5 4426736 2
owner 5 4423833 2
owner 5 4426737 2
owner 5 4423834 2
owner 5 4426734 2
owner 5 4423829 2
owner 5 4406406 2
owner 5 4406407 2
owner 5 4406408 2
owner 5 4406409 2
owner 5 3530781 3
owner 5 3527877 3
owner 5 3533685 3
owner 5 3530780 3
owner 5 3530782 3
owner 5 3527878 3
owner 5 3533686 3
owner 5 3530783 3
owner 5 3527879 3
owner 5 3533687 3
owner 5 3530784 3
owner 5 3527880 3
owner 5 3533688 3
owner 5 3524976 3
owner 5 3524975 3
owner 5 3522071 3
owner 5 3524974 3
owner 5 3522070 3
owner 5 3524973 3
owner 5 3522069 3
owner 5 3524972 3
owner 5 3522068 3
owner 5 3527876 3
owner 5 3524971 3
owner 5 3522067 3
owner 5 3527875 3
owner 5 3524970 3
owner 5 3522066 3
owner 5 3527874 3
owner 5 3524969 3
owner 5 3527873 3
owner 5 3530777 3
owner 5 3533681 3
owner 5 3530778 3
owner 5 3533682 3
owner 5 3530779 3
owner 5 3533683 3
owner 5 3536587 3
owner 5 3533684 3
owner 5 3536588 3
owner 5 3539492 3
owner 5 3536589 3
owner 5 3539493 3
owner 5 3536590 3
owner 5 3539494 3
owner 5 3536591 3
owner 5 3539491 3
owner 5 3536586 3
owner 5 3519163 3
owner 5 3519164 3
owner 5 3519165 3
owner 5 3519166 3
owner 5 4554721 4
owner 5 4551817 4
owner 5 4557625 4
owner 5 4554720 4
owner 5 4554722 4
owner 5 4551818 4
owner 5 4557626 4
owner 5 4554723 4
owner 5 4551819 4
owner 5 4557627 4
owner 5 4554724 4
owner 5 4551820 4
owner 5 4557628 4
owner 5 4548916 4
owner 5 4548915 4
owner 5 4546011 4
owner 5 4548914 4
owner 5 4546010 4
owner 5 4548913 4
owner 5 4546009 4
owner 5 4548912 4
owner 5 4546008 4
owner 5 4551816 4
owner 5 4548911 4
owner 5 4546007 4
owner 5 4551815 4
owner 5 4548910 4
owner 5 4546006 4
owner 5 4551814 4
owner 5 4548909 4
owner 5 4551813 4
owner 5 4554717 4
owner 5 4557621 4
owner 5 4554718 4
owner 5 4557622 4
owner 5 4554719 4
owner 5 4557623 4
owner 5 4560527 4
owner 5 4557624 4
owner 5 4560528 4
owner 5 4563432 4
owner 5 4560529 4
owner 5 4563433 4
owner 5 4560530 4
owner 5 4563434 4
owner 5 4560531 4
owner 5 4563431 4
owner 5 4560526 4
owner 5 4543103 4
owner 5 4543104 4
owner 5 4543105 4
owner 5 4543106 4
owner 5 2087686 5
owner 5 2084782 5
owner 5 2090590 5
owner 5 2087685 5
owner 5 2087687 5
owner 5 2084783 5
owner 5 2090591 5
owner 5 2087688 5
owner 5 2084784 5
owner 5 2090592 5
owner 5 2087689 5
owner 5 2084785 5
owner 5 2090593 5
owner 5 2081881 5
owner 5 2081880 5
owner 5 2078976 5
owner 5 2081879 5
owner 5 2078975 5
owner 5 2081878 5
owner 5 2078974 5
owner 5 2081877 5
owner 5 2078973 5
owner 5 2084781 5
owner 5 2081876 5
owner 5 2078972 5
owner 5 2084780 5
owner 5 2081875 5
owner 5 2078971 5
owner 5 2084779 5
owner 5 2081874 5
owner 5 2084778 5
owner 5 2087682 5
owner 5 2090586 5
owner 5 2087683 5
owner 5 2090587 5
owner 5 2087684 5
owner 5 2090588 5
owner 5 2093492 5
owner 5 2090589 5
owner 5 2093493 5
owner 5 2096397 5
owner 5 2093494 5
owner 5 2096398 5
owner 5 2093495 5
owner 5 2096399 5
owner 5 2093496 5
owner 5 2096396 5
owner 5 2093491 5
owner 5 2076068 5
owner 5 2076069 5
owner 5 2076070 5
owner 5 2076071 5
owner 5 434967 6
owner 5 432063 6
owner 5 437871 6
owner 5 434966 6
owner 5 434968 6
owner 5 432064 6
owner 5 437872 6
owner 5 434969 6
owner 5 432065 6
owner 5 437873 6
owner 5 434970 6
owner 5 432066 6
owner 5 437874 6
owner 5 429162 6
owner 5 429161 6
owner 5 426257 6
owner 5 429160 6
owner 5 426256 6
owner 5 429159 6
owner 5 426255 6
owner 5 429158 6
owner 5 426254 6
owner 5 432062 6
owner 5 429157 6
owner 5 426253 6
owner 5 432061 6
owner 5 429156 6
owner 5 426252 6
owner 5 432060 6
owner 5 429155 6
owner 5 432059 6
owner 5 434963 6
owner 5 437867 6
owner 5 434964 6
owner 5 437868 6
owner 5 434965 6
owner 5 437869 6
owner 5 440773 6
owner 5 437870 6
owner 5 440774 6
owner 5 443678 6
owner 5 440775 6
owner 5 443679 6
owner 5 440776 6
owner 5 443680 6
owner 5 440777 6
owner 5 443677 6
owner 5 440772 6
owner 5 423349 6
owner 5 423350 6
owner 5 423351 6
owner 5 423352 6
prev 5 4418024
prev 5 3530781
prev 5 4554721
prev 5 2087686
prev 5 434967
owned 5 2040370
owned 5 2040371
owned 5 2040372
owned 5 2040373
owned 5 2043273
owned 5 2043274
owned 5 2043275
owned 5 2043276
owned 5 2043277
owned 5 2043278
owned 5 2046176
owned 5 2046177
owned 5 2046178
owned 5 2046179
owned 5 2046180
owned 5 2046181
owned 5 2046182
owned 5 2046183
owned 5 2049080
owned 5 2049081
owned 5 2049082
owned 5 2049083
owned 5 2049084
owned 5 2049085
owned 5 2049086
owned 5 2049087
owned 5 2051984
owned 5 2051985
owned 5 2051986
owned 5 2051987
owned 5 2051988
owned 5 2051989
owned 5 2051990
owned 5 2051991
owned 5 2054888
owned 5 2054889
owned 5 2054890
owned 5 2054891
owned 5 2054892
owned 5 2054893
owned 5 2054894
owned 5 2054895
owned 5 2057793
owned 5 2057794
owned 5 2057795
owned 5 2057796
owned 5 2057797
owned 5 2057798
owned 5 2060698
owned 5 2060699
owned 5 2060700
owned 5 2060701
bot 6 8 l4g4juu8 1373847271 4142420 1316 1426 52
owner 6 4418024 2
owner 6 4415120 2
owner 6 4420928 2
owner 6 4418023 2
owner 6 4418025 2
owner 6 4415121 2
owner 6 4420929 2
owner 6 4418026 2
owner 6 4415122 2
owner 6 4420930 2
owner 6 4418027 2
owner 6 4415123 2
owner 6 4420931 2
owner 6 4412219 2
owner 6 4412218 2
owner 6 4409314 2
owner 6 4412217 2
owner 6 4409313 2
owner 6 4412216 2
owner 6 4409312 2
owner 6 4412215 2
owner 6 4409311 2
owner 6 4415119 2
owner 6 4412214 2
owner 6 4409310 2
owner 6 4415118 2
owner 6 4412213 2
owner 6 4409309 2
owner 6 4415117 2
owner 6 4412212 2
owner 6 4415116 2
owner 6 4418020 2
owner 6 4420924 2
owner 6 4418021 2
owner 6 4420925 2
owner 6 4418022 2
owner 6 4420926 2
owner 6 4423830 2
owner 6 4420927 2
owner 6 4423831 2
owner 6 4426735 2
owner 6 4423832 2
owner 6 4426736 2
owner 6 4423833 2
owner 6 4426737 2
owner 6 4423834 2
owner 6 4426734 2
owner 6 4423829 2
owner 6 4406406 2
owner 6 4406407 2
owner 6 4406408 2
owner 6 4406409 2
owner 6 3530781 3
owner 6 3527877 3
owner 6 3533685 3
owner 6 3530780 3
owner 6 3530782 3
owner 6 3527878 3
owner 6 3533686 3
owner 6 3530783 3
owner 6 3527879 3
owner 6 3533687 3
owner 6 3530784 3
owner 6 3527880 3
owner 6 3533688 3
owner 6 3524976 3
owner 6 3524975 3
owner 6 3522071 3
owner 6 3524974 3
owner 6 3522070 3
owner 6 3524973 3
owner 6 3522069 3
owner 6 3524972 3
owner 6 3522068 3
owner 6 3527876 3
owner 6 3524971 3
owner 6 3522067 3
owner 6 3527875 3
owner 6 3524970 3
owner 6 3522066 3
owner 6 3527874 3
owner 6 3524969 3
owner 6 3527873 3
owner 6 3530777 3
owner 6 3533681 3
owner 6 3530778 3
owner 6 3533682 3
owner 6 3530779 3
owner 6 3533683 3
owner 6 3536587 3
owner 6 3533684 3
owner 6 3536588 3
owner 6 3539492 3
owner 6 3536589 3
owner 6 3539493 3
owner 6 3536590 3
owner 6 3539494 3
owner 6 3536591 3
owner 6 3539491 3
owner 6 3536586 3
owner 6 3519163 3
owner 6 3519164 3
owner 6 3519165 3
owner 6 3519166 3
owner 6 4554721 4
owner 6 4551817 4
owner 6 4557625 4
owner 6 4554720 4
owner 6 4554722 4
owner 6 4551818 4
owner 6 4557626 4
owner 6 4554723 4
owner 6 4551819 4
owner 6 4557627 4
owner 6 4554724 4
owner 6 4551820 4
owner 6 4557628 4
owner 6 4548916 4
owner 6 4548915 4
owner 6 4546011 4
owner 6 4548914 4
owner 6 4546010 4
owner 6 4548913 4
owner 6 4546009 4
owner 6 4548912 4
owner 6 4546008 4
owner 6 4551816 4
owner 6 4548911 4
owner 6 4546007 4
owner 6 4551815 4
owner 6 4548910 4
owner 6 4546006 4
owner 6 4551814 4
owner 6 4548909 4
owner 6 4551813 4
owner 6 4554717 4
owner 6 4557621 4
owner 6 4554718 4
owner 6 4557622 4
owner 6 4554719 4
owner 6 4557623 4
owner 6 4560527 4
owner 6 4557624 4
owner 6 4560528 4
owner 6 4563432 4
owner 6 4560529 4
owner 6 4563433 4
owner 6 4560530 4
owner 6 4563434 4
owner 6 4560531 4
owner 6 4563431 4
owner 6 4560526 4
owner 6 4543103 4
owner 6 4543104 4
owner 6 4543105 4
owner 6 4543106 4
owner 6 2087686 5
owner 6 2084782 5
owner 6 2090590 5
owner 6 2087685 5
owner 6 2087687 5
owner 6 2084783 5
owner 6 2090591 5
owner 6 2087688 5
owner 6 2084784 5
owner 6 2090592 5
owner 6 2087689 5
owner 6 2084785 5
owner 6 2090593 5
owner 6 2081881 5
owner 6 2081880 5
owner 6 2078976 5
owner 6 2081879 5
owner 6 2078975 5
owner 6 2081878 5
owner 6 2078974 5
owner 6 2081877 5
owner 6 2078973 5
owner 6 2084781 5
owner 6 2081876 5
owner 6 2078972 5
owner 6 2084780 5
owner 6 2081875 5
owner 6 2078971 5
owner 6 2084779 5
owner 6 2081874 5
owner 6 2084778 5
owner 6 2087682 5
owner 6 2090586 5
owner 6 2087683 5
owner 6 2090587 5
owner 6 2087684 5
owner 6 2090588 5
owner 6 2093492 5
owner 6 2090589 5
owner 6 2093493 5
owner 6 2096397 5
owner 6 2093494 5
owner 6 2096398 5
owner 6 2093495 5
owner 6 2096399 5
owner 6 2093496 5
owner 6 2096396 5
owner 6 2093491 5
owner 6 2076068 5
owner 6 2076069 5
owner 6 2076070 5
owner 6 2076071 5
owner 6 434967 6
owner 6 432063 6
owner 6 437871 6
owner 6 434966 6
owner 6 434968 6
owner 6 432064 6
owner 6 437872 6
owner 6 434969 6
owner 6 432065 6
owner 6 437873 6
owner 6 434970 6
owner 6 432066 6
owner 6 437874 6
owner 6 429162 6
owner 6 429161 6
owner 6 426257 6
owner 6 429160 6
owner 6 426256 6
owner 6 429159 6
owner 6 426255 6
owner 6 429158 6
owner 6 426254 6
owner 6 432062 6
owner 6 429157 6
owner 6 426253 6
owner 6 432061 6
owner 6 429156 6
owner 6 426252 6
owner 6 432060 6
owner 6 429155 6
owner 6 432059 6
owner 6 434963 6
owner 6 437867 6
owner 6 434964 6
owner 6 437868 6
owner 6 434965 6
owner 6 437869 6
owner 6 440773 6
owner 6 437870 6
owner 6 440774 6
owner 6 443678 6
owner 6 440775 6
owner 6 443679 6
owner 6 440776 6
owner 6 443680 6
owner 6 440777 6
owner 6 443677 6
owner 6 440772 6
owner 6 423349 6
owner 6 423350 6
owner 6 423351 6
owner 6 423352 6
owner 6 2051988 7
owner 6 2049084 7
owner 6 2054892 7
owner 6 2051987 7
owner 6 2051989 7
owner 6 2049085 7
owner 6 2054893 7
owner 6 2051990 7
owner 6 2049086 7
owner 6 2054894 7
owner 6 2051991 7
owner 6 2049087 7
owner 6 2054895 7
owner 6 2046183 7
owner 6 2046182 7
owner 6 2043278 7
owner 6 2046181 7
owner 6 2043277 7
owner 6 2046180 7
owner 6 2043276 7
owner 6 2046179 7
owner 6 2043275 7
owner 6 2049083 7
owner 6 2046178 7
owner 6 2043274 7
owner 6 2049082 7
owner 6 2046177 7
owner 6 2043273 7
owner 6 2049081 7
owner 6 2046176 7
owner 6 2049080 7
owner 6 2051984 7
owner 6 2054888 7
owner 6 2051985 7
owner 6 2054889 7
owner 6 2051986 7
owner 6 2054890 7
owner 6 2057794 7
owner 6 2054891 7
owner 6 2057795 7
owner 6 2060699 7
owner 6 2057796 7
owner 6 2060700 7
owner 6 2057797 7
owner 6 2060701 7
owner 6 2057798 7
owner 6 2060698 7
owner 6 2057793 7
owner 6 2040370 7
owner 6 2040371 7
owner 6 2040372 7
owner 6 2040373 7
prev 6 4418024
prev 6 3530781
prev 6 4554721
prev 6 2087686
prev 6 434967
prev 6 2051988
owned 6 4130802
owned 6 4130803
owned 6 4130804
owned 6 4130805
owned 6 4133705
owned 6 4133706
owned 6 4133707
owned 6 4133708
owned 6 4133709
owned 6 4133710
owned 6 4136608
owned 6 4136609
owned 6 4136610
owned 6 4136611
owned 6 4136612
owned 6 4136613
owned 6 4136614
owned 6 4136615
owned 6 4139512
owned 6 4139513
owned 6 4139514
owned 6 4139515
owned 6 4139516
owned 6 4139517
owned 6 4139518
owned 6 4139519
owned 6 4142416
owned 6 4142417
owned 6 4142418
owned 6 4142419
owned 6 4142420
owned 6 4142421
owned 6 4142422
owned 6 4142423
owned 6 4145320
owned 6 4145321
owned 6 4145322
owned 6 4145323
owned 6 4145324
owned 6 4145325
owned 6 4145326
owned 6 4145327
owned 6 4148225
owned 6 4148226
owned 6 4148227
owned 6 4148228
owned 6 4148229
owned 6 4148230
owned 6 4151130
owned 6 4151131
owned 6 4151132
owned 6 4151133
