# ofcuda_prng initial-state v1 (port spawn/initial state; engine-bit-exact)
# source reference /opt/data/workspaces/skg/ofcuda_matrix/out/matrix/refs/europe_a7_nat0.spawn.txt
map europe
seed parity
game_id QqkIuyke
game_hash 223241348
agents 7
nations 0
human_agents 1
width 2904
height 1672
min_dist 30
player 1 H nd8079oo -1 0 0
player 2 B 7kmb47oc 4418024 1 52
player 3 B su965kfe 3530781 1 52
player 4 B 4918e5rs 4554721 1 52
player 5 B 0grah7qg 2087686 1 52
player 6 B 79lbhuod 434967 1 52
player 7 B 0eay8wsu 2051988 1 52
player 8 B l4g4juu8 4142420 1 52
bot 0 2 7kmb47oc 979863364 4418024 52
owned 0 4418024 4418025 4418026 4418027 4420931 4415123 4412219 4412218 4412217 4412216 4412215 4412214 4412213 4412212 4415116 4418020 4418021 4418022 4420926 4420927 4423831 4423832 4423833 4423834 4426737 4426736 4426735 4426734 4423830 4423829 4420925 4420924 4415117 4409309 4415118 4409310 4406406 4406407 4406408 4406409 4415119 4409311 4409312 4409313 4409314 4420930 4415122 4420929 4415121 4418023 4420928 4415120
bot 1 3 su965kfe 1225099288 3530781 52
owned 1 3530781 3530782 3530783 3530784 3533688 3527880 3524976 3524975 3524974 3524973 3524972 3524971 3524970 3524969 3527873 3530777 3530778 3530779 3533683 3533684 3536588 3536589 3536590 3536591 3539494 3539493 3539492 3539491 3536587 3536586 3533682 3533681 3527874 3522066 3527875 3522067 3519163 3519164 3519165 3519166 3527876 3522068 3522069 3522070 3522071 3533687 3527879 3533686 3527878 3530780 3533685 3527877
bot 2 4 4918e5rs 1160776865 4554721 52
owned 2 4554721 4554722 4554723 4554724 4557628 4551820 4548916 4548915 4548914 4548913 4548912 4548911 4548910 4548909 4551813 4554717 4554718 4554719 4557623 4557624 4560528 4560529 4560530 4560531 4563434 4563433 4563432 4563431 4560527 4560526 4557622 4557621 4551814 4546006 4551815 4546007 4543103 4543104 4543105 4543106 4551816 4546008 4546009 4546010 4546011 4557627 4551819 4557626 4551818 4554720 4557625 4551817
bot 3 5 0grah7qg -2107334215 2087686 52
owned 3 2087686 2087687 2087688 2087689 2090593 2084785 2081881 2081880 2081879 2081878 2081877 2081876 2081875 2081874 2084778 2087682 2087683 2087684 2090588 2090589 2093493 2093494 2093495 2093496 2096399 2096398 2096397 2096396 2093492 2093491 2090587 2090586 2084779 2078971 2084780 2078972 2076068 2076069 2076070 2076071 2084781 2078973 2078974 2078975 2078976 2090592 2084784 2090591 2084783 2087685 2090590 2084782
bot 4 6 79lbhuod 919150858 434967 52
owned 4 434967 434968 434969 434970 437874 432066 429162 429161 429160 429159 429158 429157 429156 429155 432059 434963 434964 434965 437869 437870 440774 440775 440776 440777 443680 443679 443678 443677 440773 440772 437868 437867 432060 426252 432061 426253 423349 423350 423351 423352 432062 426254 426255 426256 426257 437873 432065 437872 432064 434966 437871 432063
bot 5 7 0eay8wsu 312910098 2051988 52
owned 5 2051988 2051989 2051990 2051991 2054895 2049087 2046183 2046182 2046181 2046180 2046179 2046178 2046177 2046176 2049080 2051984 2051985 2051986 2054890 2054891 2057795 2057796 2057797 2057798 2060701 2060700 2060699 2060698 2057794 2057793 2054889 2054888 2049081 2043273 2049082 2043274 2040370 2040371 2040372 2040373 2049083 2043275 2043276 2043277 2043278 2054894 2049086 2054893 2049085 2051987 2054892 2049084
bot 6 8 l4g4juu8 1373847271 4142420 52
owned 6 4142420 4142421 4142422 4142423 4145327 4139519 4136615 4136614 4136613 4136612 4136611 4136610 4136609 4136608 4139512 4142416 4142417 4142418 4145322 4145323 4148227 4148228 4148229 4148230 4151133 4151132 4151131 4151130 4148226 4148225 4145321 4145320 4139513 4133705 4139514 4133706 4130802 4130803 4130804 4130805 4139515 4133707 4133708 4133709 4133710 4145326 4139518 4145325 4139517 4142419 4145324 4139516
