# ofcuda_prng initial-state v1 (port spawn/initial state; engine-bit-exact)
# source reference /opt/data/workspaces/skg/ofcuda_matrix/out/matrix/refs/giantworldmap_a18_nat0.spawn.txt
map giantworldmap
seed parity
game_id QqkIuyke
game_hash 223241348
agents 18
nations 0
human_agents 1
width 4108
height 1948
min_dist 30
player 1 H nd8079oo -1 0 0
player 2 B 7kmb47oc 1120549 1 52
player 3 B su965kfe 3423866 1 52
player 4 B 4918e5rs 6142596 1 52
player 5 B 0grah7qg 3789465 1 52
player 6 B 79lbhuod 713897 1 52
player 7 B 0eay8wsu 3379272 1 52
player 8 B l4g4juu8 7557123 1 52
player 9 B gsw4n5km 2882853 1 52
player 10 B ooz4f963 2755455 1 52
player 11 B g49bog52 2521406 1 52
player 12 B vl3arc4y 989765 1 52
player 13 B 26spmsu2 3169241 1 52
player 14 B 666fmd2f 2253993 1 52
player 15 B vybu8oes 2155636 1 52
player 16 B tlx2iciq 4684509 1 52
player 17 B 8i7cuo9t 3075516 1 52
player 18 B ay8xa67r 4384446 1 52
player 19 B fha1xhrw 1442974 1 52
bot 0 2 7kmb47oc 979863364 1120549 52
owned 0 1120549 1120550 1120551 1120552 1124660 1116444 1112336 1112335 1112334 1112333 1112332 1112331 1112330 1112329 1116437 1120545 1120546 1120547 1124655 1124656 1128764 1128765 1128766 1128767 1132874 1132873 1132872 1132871 1128763 1128762 1124654 1124653 1116438 1108222 1116439 1108223 1104115 1104116 1104117 1104118 1116440 1108224 1108225 1108226 1108227 1124659 1116443 1124658 1116442 1120548 1124657 1116441
bot 1 3 su965kfe 1225099288 3423866 52
owned 1 3423866 3423867 3423868 3423869 3427977 3419761 3415653 3415652 3415651 3415650 3415649 3415648 3415647 3415646 3419754 3423862 3423863 3423864 3427972 3427973 3432081 3432082 3432083 3432084 3436191 3436190 3436189 3436188 3432080 3432079 3427971 3427970 3419755 3411539 3419756 3411540 3407432 3407433 3407434 3407435 3419757 3411541 3411542 3411543 3411544 3427976 3419760 3427975 3419759 3423865 3427974 3419758
bot 2 4 4918e5rs 1160776865 6142596 52
owned 2 6142596 6142597 6142598 6142599 6146707 6138491 6134383 6134382 6134381 6134380 6134379 6134378 6134377 6134376 6138484 6142592 6142593 6142594 6146702 6146703 6150811 6150812 6150813 6150814 6154921 6154920 6154919 6154918 6150810 6150809 6146701 6146700 6138485 6130269 6138486 6130270 6126162 6126163 6126164 6126165 6138487 6130271 6130272 6130273 6130274 6146706 6138490 6146705 6138489 6142595 6146704 6138488
bot 3 5 0grah7qg -2107334215 3789465 52
owned 3 3789465 3789466 3789467 3789468 3793576 3785360 3781252 3781251 3781250 3781249 3781248 3781247 3781246 3781245 3785353 3789461 3789462 3789463 3793571 3793572 3797680 3797681 3797682 3797683 3801790 3801789 3801788 3801787 3797679 3797678 3793570 3793569 3785354 3777138 3785355 3777139 3773031 3773032 3773033 3773034 3785356 3777140 3777141 3777142 3777143 3793575 3785359 3793574 3785358 3789464 3793573 3785357
bot 4 6 79lbhuod 919150858 713897 52
owned 4 713897 713898 713899 713900 718008 709792 705684 705683 705682 705681 705680 705679 705678 705677 709785 713893 713894 713895 718003 718004 722112 722113 722114 722115 726222 726221 726220 726219 722111 722110 718002 718001 709786 701570 709787 701571 697463 697464 697465 697466 709788 701572 701573 701574 701575 718007 709791 718006 709790 713896 718005 709789
bot 5 7 0eay8wsu 312910098 3379272 52
owned 5 3379272 3379273 3379274 3379275 3383383 3375167 3371059 3371058 3371057 3371056 3371055 3371054 3371053 3371052 3375160 3379268 3379269 3379270 3383378 3383379 3387487 3387488 3387489 3387490 3391597 3391596 3391595 3391594 3387486 3387485 3383377 3383376 3375161 3366945 3375162 3366946 3362838 3362839 3362840 3362841 3375163 3366947 3366948 3366949 3366950 3383382 3375166 3383381 3375165 3379271 3383380 3375164
bot 6 8 l4g4juu8 1373847271 7557123 52
owned 6 7557123 7557124 7557125 7557126 7561234 7553018 7548910 7548909 7548908 7548907 7548906 7548905 7548904 7548903 7553011 7557119 7557120 7557121 7561229 7561230 7565338 7565339 7565340 7565341 7569448 7569447 7569446 7569445 7565337 7565336 7561228 7561227 7553012 7544796 7553013 7544797 7540689 7540690 7540691 7540692 7553014 7544798 7544799 7544800 7544801 7561233 7553017 7561232 7553016 7557122 7561231 7553015
bot 7 9 gsw4n5km 1786011062 2882853 52
owned 7 2882853 2882854 2882855 2882856 2886964 2878748 2874640 2874639 2874638 2874637 2874636 2874635 2874634 2874633 2878741 2882849 2882850 2882851 2886959 2886960 2891068 2891069 2891070 2891071 2895178 2895177 2895176 2895175 2891067 2891066 2886958 2886957 2878742 2870526 2878743 2870527 2866419 2866420 2866421 2866422 2878744 2870528 2870529 2870530 2870531 2886963 2878747 2886962 2878746 2882852 2886961 2878745
bot 8 10 ooz4f963 1067254298 2755455 52
owned 8 2755455 2755456 2755457 2755458 2759566 2751350 2747242 2747241 2747240 2747239 2747238 2747237 2747236 2747235 2751343 2755451 2755452 2755453 2759561 2759562 2763670 2763671 2763672 2763673 2767780 2767779 2767778 2767777 2763669 2763668 2759560 2759559 2751344 2743128 2751345 2743129 2739021 2739022 2739023 2739024 2751346 2743130 2743131 2743132 2743133 2759565 2751349 2759564 2751348 2755454 2759563 2751347
bot 9 11 g49bog52 471077977 2521406 52
owned 9 2521406 2521407 2521408 2521409 2525517 2517301 2513193 2513192 2513191 2513190 2513189 2513188 2513187 2513186 2517294 2521402 2521403 2521404 2525512 2525513 2529621 2529622 2529623 2529624 2533731 2533730 2533729 2533728 2529620 2529619 2525511 2525510 2517295 2509079 2517296 2509080 2504972 2504973 2504974 2504975 2517297 2509081 2509082 2509083 2509084 2525516 2517300 2525515 2517299 2521405 2525514 2517298
bot 10 12 vl3arc4y 2110741002 989765 52
owned 10 989765 989766 989767 989768 993876 985660 981552 981551 981550 981549 981548 981547 981546 981545 985653 989761 989762 989763 993871 993872 997980 997981 997982 997983 1002090 1002089 1002088 1002087 997979 997978 993870 993869 985654 977438 985655 977439 973331 973332 973333 973334 985656 977440 977441 977442 977443 993875 985659 993874 985658 989764 993873 985657
bot 11 13 26spmsu2 1249151528 3169241 52
owned 11 3169241 3169242 3169243 3169244 3173352 3165136 3161028 3161027 3161026 3161025 3161024 3161023 3161022 3161021 3165129 3169237 3169238 3169239 3173347 3173348 3177456 3177457 3177458 3177459 3181566 3181565 3181564 3181563 3177455 3177454 3173346 3173345 3165130 3156914 3165131 3156915 3152807 3152808 3152809 3152810 3165132 3156916 3156917 3156918 3156919 3173351 3165135 3173350 3165134 3169240 3173349 3165133
bot 12 14 666fmd2f -2125171585 2253993 52
owned 12 2253993 2253994 2253995 2253996 2258104 2249888 2245780 2245779 2245778 2245777 2245776 2245775 2245774 2245773 2249881 2253989 2253990 2253991 2258099 2258100 2262208 2262209 2262210 2262211 2266318 2266317 2266316 2266315 2262207 2262206 2258098 2258097 2249882 2241666 2249883 2241667 2237559 2237560 2237561 2237562 2249884 2241668 2241669 2241670 2241671 2258103 2249887 2258102 2249886 2253992 2258101 2249885
bot 13 15 vybu8oes 2095769353 2155636 52
owned 13 2155636 2155637 2155638 2155639 2159747 2151531 2147423 2147422 2147421 2147420 2147419 2147418 2147417 2147416 2151524 2155632 2155633 2155634 2159742 2159743 2163851 2163852 2163853 2163854 2167961 2167960 2167959 2167958 2163850 2163849 2159741 2159740 2151525 2143309 2151526 2143310 2139202 2139203 2139204 2139205 2151527 2143311 2143312 2143313 2143314 2159746 2151530 2159745 2151529 2155635 2159744 2151528
bot 14 16 tlx2iciq 1076827768 4684509 52
owned 14 4684509 4684510 4684511 4684512 4688620 4680404 4676296 4676295 4676294 4676293 4676292 4676291 4676290 4676289 4680397 4684505 4684506 4684507 4688615 4688616 4692724 4692725 4692726 4692727 4696834 4696833 4696832 4696831 4692723 4692722 4688614 4688613 4680398 4672182 4680399 4672183 4668075 4668076 4668077 4668078 4680400 4672184 4672185 4672186 4672187 4688619 4680403 4688618 4680402 4684508 4688617 4680401
bot 15 17 8i7cuo9t 1041878418 3075516 52
owned 15 3075516 3075517 3075518 3075519 3079627 3071411 3067303 3067302 3067301 3067300 3067299 3067298 3067297 3067296 3071404 3075512 3075513 3075514 3079622 3079623 3083731 3083732 3083733 3083734 3087841 3087840 3087839 3087838 3083730 3083729 3079621 3079620 3071405 3063189 3071406 3063190 3059082 3059083 3059084 3059085 3071407 3063191 3063192 3063193 3063194 3079626 3071410 3079625 3071409 3075515 3079624 3071408
bot 16 18 ay8xa67r 1238569276 4384446 52
owned 16 4384446 4384447 4384448 4384449 4388557 4380341 4376233 4376232 4376231 4376230 4376229 4376228 4376227 4376226 4380334 4384442 4384443 4384444 4388552 4388553 4392661 4392662 4392663 4392664 4396771 4396770 4396769 4396768 4392660 4392659 4388551 4388550 4380335 4372119 4380336 4372120 4368012 4368013 4368014 4368015 4380337 4372121 4372122 4372123 4372124 4388556 4380340 4388555 4380339 4384445 4388554 4380338
bot 17 19 fha1xhrw -2086814691 1442974 52
owned 17 1442974 1442975 1442976 1442977 1447085 1438869 1434761 1434760 1434759 1434758 1434757 1434756 1434755 1434754 1438862 1442970 1442971 1442972 1447080 1447081 1451189 1451190 1451191 1451192 1455299 1455298 1455297 1455296 1451188 1451187 1447079 1447078 1438863 1430647 1438864 1430648 1426540 1426541 1426542 1426543 1438865 1430649 1430650 1430651 1430652 1447084 1438868 1447083 1438867 1442973 1447082 1438866
