# ofcuda_spawn reference v1  (engine ground truth, arbitrary N)
# repo /opt/data/workspaces/skg/openfront-ai
map giantworldmap
seed parity
game_id QqkIuyke
game_hash 223241348
agents 7
nations 0
human_agents 1
width 4108
height 1948
min_dist 30
player 1 H nd8079oo -1 0 0
player 2 B 7kmb47oc 1120549 1 52
player 3 B su965kfe 3423866 1 52
player 4 B 4918e5rs 6142596 1 52
player 5 B 0grah7qg 3789465 1 52
player 6 B 79lbhuod 713897 1 52
player 7 B 0eay8wsu 3379272 1 52
player 8 B l4g4juu8 7557123 1 52
bot 0 2 7kmb47oc 979863364 1120549 3173 272 52
owned 0 1104115
owned 0 1104116
owned 0 1104117
owned 0 1104118
owned 0 1108222
owned 0 1108223
owned 0 1108224
owned 0 1108225
owned 0 1108226
owned 0 1108227
owned 0 1112329
owned 0 1112330
owned 0 1112331
owned 0 1112332
owned 0 1112333
owned 0 1112334
owned 0 1112335
owned 0 1112336
owned 0 1116437
owned 0 1116438
owned 0 1116439
owned 0 1116440
owned 0 1116441
owned 0 1116442
owned 0 1116443
owned 0 1116444
owned 0 1120545
owned 0 1120546
owned 0 1120547
owned 0 1120548
owned 0 1120549
owned 0 1120550
owned 0 1120551
owned 0 1120552
owned 0 1124653
owned 0 1124654
owned 0 1124655
owned 0 1124656
owned 0 1124657
owned 0 1124658
owned 0 1124659
owned 0 1124660
owned 0 1128762
owned 0 1128763
owned 0 1128764
owned 0 1128765
owned 0 1128766
owned 0 1128767
owned 0 1132871
owned 0 1132872
owned 0 1132873
owned 0 1132874
bot 1 3 su965kfe 1225099288 3423866 1902 833 52
owner 1 1120549 2
owner 1 1116441 2
owner 1 1124657 2
owner 1 1120548 2
owner 1 1120550 2
owner 1 1116442 2
owner 1 1124658 2
owner 1 1120551 2
owner 1 1116443 2
owner 1 1124659 2
owner 1 1120552 2
owner 1 1116444 2
owner 1 1124660 2
owner 1 1112336 2
owner 1 1112335 2
owner 1 1108227 2
owner 1 1112334 2
owner 1 1108226 2
owner 1 1112333 2
owner 1 1108225 2
owner 1 1112332 2
owner 1 1108224 2
owner 1 1116440 2
owner 1 1112331 2
owner 1 1108223 2
owner 1 1116439 2
owner 1 1112330 2
owner 1 1108222 2
owner 1 1116438 2
owner 1 1112329 2
owner 1 1116437 2
owner 1 1120545 2
owner 1 1124653 2
owner 1 1120546 2
owner 1 1124654 2
owner 1 1120547 2
owner 1 1124655 2
owner 1 1128763 2
owner 1 1124656 2
owner 1 1128764 2
owner 1 1132872 2
owner 1 1128765 2
owner 1 1132873 2
owner 1 1128766 2
owner 1 1132874 2
owner 1 1128767 2
owner 1 1132871 2
owner 1 1128762 2
owner 1 1104115 2
owner 1 1104116 2
owner 1 1104117 2
owner 1 1104118 2
prev 1 1120549
owned 1 3407432
owned 1 3407433
owned 1 3407434
owned 1 3407435
owned 1 3411539
owned 1 3411540
owned 1 3411541
owned 1 3411542
owned 1 3411543
owned 1 3411544
owned 1 3415646
owned 1 3415647
owned 1 3415648
owned 1 3415649
owned 1 3415650
owned 1 3415651
owned 1 3415652
owned 1 3415653
owned 1 3419754
owned 1 3419755
owned 1 3419756
owned 1 3419757
owned 1 3419758
owned 1 3419759
owned 1 3419760
owned 1 3419761
owned 1 3423862
owned 1 3423863
owned 1 3423864
owned 1 3423865
owned 1 3423866
owned 1 3423867
owned 1 3423868
owned 1 3423869
owned 1 3427970
owned 1 3427971
owned 1 3427972
owned 1 3427973
owned 1 3427974
owned 1 3427975
owned 1 3427976
owned 1 3427977
owned 1 3432079
owned 1 3432080
owned 1 3432081
owned 1 3432082
owned 1 3432083
owned 1 3432084
owned 1 3436188
owned 1 3436189
owned 1 3436190
owned 1 3436191
bot 2 4 4918e5rs 1160776865 6142596 1136 1495 52
owner 2 1120549 2
owner 2 1116441 2
owner 2 1124657 2
owner 2 1120548 2
owner 2 1120550 2
owner 2 1116442 2
owner 2 1124658 2
owner 2 1120551 2
owner 2 1116443 2
owner 2 1124659 2
owner 2 1120552 2
owner 2 1116444 2
owner 2 1124660 2
owner 2 1112336 2
owner 2 1112335 2
owner 2 1108227 2
owner 2 1112334 2
owner 2 1108226 2
owner 2 1112333 2
owner 2 1108225 2
owner 2 1112332 2
owner 2 1108224 2
owner 2 1116440 2
owner 2 1112331 2
owner 2 1108223 2
owner 2 1116439 2
owner 2 1112330 2
owner 2 1108222 2
owner 2 1116438 2
owner 2 1112329 2
owner 2 1116437 2
owner 2 1120545 2
owner 2 1124653 2
owner 2 1120546 2
owner 2 1124654 2
owner 2 1120547 2
owner 2 1124655 2
owner 2 1128763 2
owner 2 1124656 2
owner 2 1128764 2
owner 2 1132872 2
owner 2 1128765 2
owner 2 1132873 2
owner 2 1128766 2
owner 2 1132874 2
owner 2 1128767 2
owner 2 1132871 2
owner 2 1128762 2
owner 2 1104115 2
owner 2 1104116 2
owner 2 1104117 2
owner 2 1104118 2
owner 2 3423866 3
owner 2 3419758 3
owner 2 3427974 3
owner 2 3423865 3
owner 2 3423867 3
owner 2 3419759 3
owner 2 3427975 3
owner 2 3423868 3
owner 2 3419760 3
owner 2 3427976 3
owner 2 3423869 3
owner 2 3419761 3
owner 2 3427977 3
owner 2 3415653 3
owner 2 3415652 3
owner 2 3411544 3
owner 2 3415651 3
owner 2 3411543 3
owner 2 3415650 3
owner 2 3411542 3
owner 2 3415649 3
owner 2 3411541 3
owner 2 3419757 3
owner 2 3415648 3
owner 2 3411540 3
owner 2 3419756 3
owner 2 3415647 3
owner 2 3411539 3
owner 2 3419755 3
owner 2 3415646 3
owner 2 3419754 3
owner 2 3423862 3
owner 2 3427970 3
owner 2 3423863 3
owner 2 3427971 3
owner 2 3423864 3
owner 2 3427972 3
owner 2 3432080 3
owner 2 3427973 3
owner 2 3432081 3
owner 2 3436189 3
owner 2 3432082 3
owner 2 3436190 3
owner 2 3432083 3
owner 2 3436191 3
owner 2 3432084 3
owner 2 3436188 3
owner 2 3432079 3
owner 2 3407432 3
owner 2 3407433 3
owner 2 3407434 3
owner 2 3407435 3
prev 2 1120549
prev 2 3423866
owned 2 6126162
owned 2 6126163
owned 2 6126164
owned 2 6126165
owned 2 6130269
owned 2 6130270
owned 2 6130271
owned 2 6130272
owned 2 6130273
owned 2 6130274
owned 2 6134376
owned 2 6134377
owned 2 6134378
owned 2 6134379
owned 2 6134380
owned 2 6134381
owned 2 6134382
owned 2 6134383
owned 2 6138484
owned 2 6138485
owned 2 6138486
owned 2 6138487
owned 2 6138488
owned 2 6138489
owned 2 6138490
owned 2 6138491
owned 2 6142592
owned 2 6142593
owned 2 6142594
owned 2 6142595
owned 2 6142596
owned 2 6142597
owned 2 6142598
owned 2 6142599
owned 2 6146700
owned 2 6146701
owned 2 6146702
owned 2 6146703
owned 2 6146704
owned 2 6146705
owned 2 6146706
owned 2 6146707
owned 2 6150809
owned 2 6150810
owned 2 6150811
owned 2 6150812
owned 2 6150813
owned 2 6150814
owned 2 6154918
owned 2 6154919
owned 2 6154920
owned 2 6154921
bot 3 5 0grah7qg -2107334215 3789465 1889 922 52
owner 3 1120549 2
owner 3 1116441 2
owner 3 1124657 2
owner 3 1120548 2
owner 3 1120550 2
owner 3 1116442 2
owner 3 1124658 2
owner 3 1120551 2
owner 3 1116443 2
owner 3 1124659 2
owner 3 1120552 2
owner 3 1116444 2
owner 3 1124660 2
owner 3 1112336 2
owner 3 1112335 2
owner 3 1108227 2
owner 3 1112334 2
owner 3 1108226 2
owner 3 1112333 2
owner 3 1108225 2
owner 3 1112332 2
owner 3 1108224 2
owner 3 1116440 2
owner 3 1112331 2
owner 3 1108223 2
owner 3 1116439 2
owner 3 1112330 2
owner 3 1108222 2
owner 3 1116438 2
owner 3 1112329 2
owner 3 1116437 2
owner 3 1120545 2
owner 3 1124653 2
owner 3 1120546 2
owner 3 1124654 2
owner 3 1120547 2
owner 3 1124655 2
owner 3 1128763 2
owner 3 1124656 2
owner 3 1128764 2
owner 3 1132872 2
owner 3 1128765 2
owner 3 1132873 2
owner 3 1128766 2
owner 3 1132874 2
owner 3 1128767 2
owner 3 1132871 2
owner 3 1128762 2
owner 3 1104115 2
owner 3 1104116 2
owner 3 1104117 2
owner 3 1104118 2
owner 3 3423866 3
owner 3 3419758 3
owner 3 3427974 3
owner 3 3423865 3
owner 3 3423867 3
owner 3 3419759 3
owner 3 3427975 3
owner 3 3423868 3
owner 3 3419760 3
owner 3 3427976 3
owner 3 3423869 3
owner 3 3419761 3
owner 3 3427977 3
owner 3 3415653 3
owner 3 3415652 3
owner 3 3411544 3
owner 3 3415651 3
owner 3 3411543 3
owner 3 3415650 3
owner 3 3411542 3
owner 3 3415649 3
owner 3 3411541 3
owner 3 3419757 3
owner 3 3415648 3
owner 3 3411540 3
owner 3 3419756 3
owner 3 3415647 3
owner 3 3411539 3
owner 3 3419755 3
owner 3 3415646 3
owner 3 3419754 3
owner 3 3423862 3
owner 3 3427970 3
owner 3 3423863 3
owner 3 3427971 3
owner 3 3423864 3
owner 3 3427972 3
owner 3 3432080 3
owner 3 3427973 3
owner 3 3432081 3
owner 3 3436189 3
owner 3 3432082 3
owner 3 3436190 3
owner 3 3432083 3
owner 3 3436191 3
owner 3 3432084 3
owner 3 3436188 3
owner 3 3432079 3
owner 3 3407432 3
owner 3 3407433 3
owner 3 3407434 3
owner 3 3407435 3
owner 3 6142596 4
owner 3 6138488 4
owner 3 6146704 4
owner 3 6142595 4
owner 3 6142597 4
owner 3 6138489 4
owner 3 6146705 4
owner 3 6142598 4
owner 3 6138490 4
owner 3 6146706 4
owner 3 6142599 4
owner 3 6138491 4
owner 3 6146707 4
owner 3 6134383 4
owner 3 6134382 4
owner 3 6130274 4
owner 3 6134381 4
owner 3 6130273 4
owner 3 6134380 4
owner 3 6130272 4
owner 3 6134379 4
owner 3 6130271 4
owner 3 6138487 4
owner 3 6134378 4
owner 3 6130270 4
owner 3 6138486 4
owner 3 6134377 4
owner 3 6130269 4
owner 3 6138485 4
owner 3 6134376 4
owner 3 6138484 4
owner 3 6142592 4
owner 3 6146700 4
owner 3 6142593 4
owner 3 6146701 4
owner 3 6142594 4
owner 3 6146702 4
owner 3 6150810 4
owner 3 6146703 4
owner 3 6150811 4
owner 3 6154919 4
owner 3 6150812 4
owner 3 6154920 4
owner 3 6150813 4
owner 3 6154921 4
owner 3 6150814 4
owner 3 6154918 4
owner 3 6150809 4
owner 3 6126162 4
owner 3 6126163 4
owner 3 6126164 4
owner 3 6126165 4
prev 3 1120549
prev 3 3423866
prev 3 6142596
owned 3 3773031
owned 3 3773032
owned 3 3773033
owned 3 3773034
owned 3 3777138
owned 3 3777139
owned 3 3777140
owned 3 3777141
owned 3 3777142
owned 3 3777143
owned 3 3781245
owned 3 3781246
owned 3 3781247
owned 3 3781248
owned 3 3781249
owned 3 3781250
owned 3 3781251
owned 3 3781252
owned 3 3785353
owned 3 3785354
owned 3 3785355
owned 3 3785356
owned 3 3785357
owned 3 3785358
owned 3 3785359
owned 3 3785360
owned 3 3789461
owned 3 3789462
owned 3 3789463
owned 3 3789464
owned 3 3789465
owned 3 3789466
owned 3 3789467
owned 3 3789468
owned 3 3793569
owned 3 3793570
owned 3 3793571
owned 3 3793572
owned 3 3793573
owned 3 3793574
owned 3 3793575
owned 3 3793576
owned 3 3797678
owned 3 3797679
owned 3 3797680
owned 3 3797681
owned 3 3797682
owned 3 3797683
owned 3 3801787
owned 3 3801788
owned 3 3801789
owned 3 3801790
bot 4 6 79lbhuod 919150858 713897 3213 173 52
owner 4 1120549 2
owner 4 1116441 2
owner 4 1124657 2
owner 4 1120548 2
owner 4 1120550 2
owner 4 1116442 2
owner 4 1124658 2
owner 4 1120551 2
owner 4 1116443 2
owner 4 1124659 2
owner 4 1120552 2
owner 4 1116444 2
owner 4 1124660 2
owner 4 1112336 2
owner 4 1112335 2
owner 4 1108227 2
owner 4 1112334 2
owner 4 1108226 2
owner 4 1112333 2
owner 4 1108225 2
owner 4 1112332 2
owner 4 1108224 2
owner 4 1116440 2
owner 4 1112331 2
owner 4 1108223 2
owner 4 1116439 2
owner 4 1112330 2
owner 4 1108222 2
owner 4 1116438 2
owner 4 1112329 2
owner 4 1116437 2
owner 4 1120545 2
owner 4 1124653 2
owner 4 1120546 2
owner 4 1124654 2
owner 4 1120547 2
owner 4 1124655 2
owner 4 1128763 2
owner 4 1124656 2
owner 4 1128764 2
owner 4 1132872 2
owner 4 1128765 2
owner 4 1132873 2
owner 4 1128766 2
owner 4 1132874 2
owner 4 1128767 2
owner 4 1132871 2
owner 4 1128762 2
owner 4 1104115 2
owner 4 1104116 2
owner 4 1104117 2
owner 4 1104118 2
owner 4 3423866 3
owner 4 3419758 3
owner 4 3427974 3
owner 4 3423865 3
owner 4 3423867 3
owner 4 3419759 3
owner 4 3427975 3
owner 4 3423868 3
owner 4 3419760 3
owner 4 3427976 3
owner 4 3423869 3
owner 4 3419761 3
owner 4 3427977 3
owner 4 3415653 3
owner 4 3415652 3
owner 4 3411544 3
owner 4 3415651 3
owner 4 3411543 3
owner 4 3415650 3
owner 4 3411542 3
owner 4 3415649 3
owner 4 3411541 3
owner 4 3419757 3
owner 4 3415648 3
owner 4 3411540 3
owner 4 3419756 3
owner 4 3415647 3
owner 4 3411539 3
owner 4 3419755 3
owner 4 3415646 3
owner 4 3419754 3
owner 4 3423862 3
owner 4 3427970 3
owner 4 3423863 3
owner 4 3427971 3
owner 4 3423864 3
owner 4 3427972 3
owner 4 3432080 3
owner 4 3427973 3
owner 4 3432081 3
owner 4 3436189 3
owner 4 3432082 3
owner 4 3436190 3
owner 4 3432083 3
owner 4 3436191 3
owner 4 3432084 3
owner 4 3436188 3
owner 4 3432079 3
owner 4 3407432 3
owner 4 3407433 3
owner 4 3407434 3
owner 4 3407435 3
owner 4 6142596 4
owner 4 6138488 4
owner 4 6146704 4
owner 4 6142595 4
owner 4 6142597 4
owner 4 6138489 4
owner 4 6146705 4
owner 4 6142598 4
owner 4 6138490 4
owner 4 6146706 4
owner 4 6142599 4
owner 4 6138491 4
owner 4 6146707 4
owner 4 6134383 4
owner 4 6134382 4
owner 4 6130274 4
owner 4 6134381 4
owner 4 6130273 4
owner 4 6134380 4
owner 4 6130272 4
owner 4 6134379 4
owner 4 6130271 4
owner 4 6138487 4
owner 4 6134378 4
owner 4 6130270 4
owner 4 6138486 4
owner 4 6134377 4
owner 4 6130269 4
owner 4 6138485 4
owner 4 6134376 4
owner 4 6138484 4
owner 4 6142592 4
owner 4 6146700 4
owner 4 6142593 4
owner 4 6146701 4
owner 4 6142594 4
owner 4 6146702 4
owner 4 6150810 4
owner 4 6146703 4
owner 4 6150811 4
owner 4 6154919 4
owner 4 6150812 4
owner 4 6154920 4
owner 4 6150813 4
owner 4 6154921 4
owner 4 6150814 4
owner 4 6154918 4
owner 4 6150809 4
owner 4 6126162 4
owner 4 6126163 4
owner 4 6126164 4
owner 4 6126165 4
owner 4 3789465 5
owner 4 3785357 5
owner 4 3793573 5
owner 4 3789464 5
owner 4 3789466 5
owner 4 3785358 5
owner 4 3793574 5
owner 4 3789467 5
owner 4 3785359 5
owner 4 3793575 5
owner 4 3789468 5
owner 4 3785360 5
owner 4 3793576 5
owner 4 3781252 5
owner 4 3781251 5
owner 4 3777143 5
owner 4 3781250 5
owner 4 3777142 5
owner 4 3781249 5
owner 4 3777141 5
owner 4 3781248 5
owner 4 3777140 5
owner 4 3785356 5
owner 4 3781247 5
owner 4 3777139 5
owner 4 3785355 5
owner 4 3781246 5
owner 4 3777138 5
owner 4 3785354 5
owner 4 3781245 5
owner 4 3785353 5
owner 4 3789461 5
owner 4 3793569 5
owner 4 3789462 5
owner 4 3793570 5
owner 4 3789463 5
owner 4 3793571 5
owner 4 3797679 5
owner 4 3793572 5
owner 4 3797680 5
owner 4 3801788 5
owner 4 3797681 5
owner 4 3801789 5
owner 4 3797682 5
owner 4 3801790 5
owner 4 3797683 5
owner 4 3801787 5
owner 4 3797678 5
owner 4 3773031 5
owner 4 3773032 5
owner 4 3773033 5
owner 4 3773034 5
prev 4 1120549
prev 4 3423866
prev 4 6142596
prev 4 3789465
owned 4 697463
owned 4 697464
owned 4 697465
owned 4 697466
owned 4 701570
owned 4 701571
owned 4 701572
owned 4 701573
owned 4 701574
owned 4 701575
owned 4 705677
owned 4 705678
owned 4 705679
owned 4 705680
owned 4 705681
owned 4 705682
owned 4 705683
owned 4 705684
owned 4 709785
owned 4 709786
owned 4 709787
owned 4 709788
owned 4 709789
owned 4 709790
owned 4 709791
owned 4 709792
owned 4 713893
owned 4 713894
owned 4 713895
owned 4 713896
owned 4 713897
owned 4 713898
owned 4 713899
owned 4 713900
owned 4 718001
owned 4 718002
owned 4 718003
owned 4 718004
owned 4 718005
owned 4 718006
owned 4 718007
owned 4 718008
owned 4 722110
owned 4 722111
owned 4 722112
owned 4 722113
owned 4 722114
owned 4 722115
owned 4 726219
owned 4 726220
owned 4 726221
owned 4 726222
bot 5 7 0eay8wsu 312910098 3379272 2496 822 52
owner 5 1120549 2
owner 5 1116441 2
owner 5 1124657 2
owner 5 1120548 2
owner 5 1120550 2
owner 5 1116442 2
owner 5 1124658 2
owner 5 1120551 2
owner 5 1116443 2
owner 5 1124659 2
owner 5 1120552 2
owner 5 1116444 2
owner 5 1124660 2
owner 5 1112336 2
owner 5 1112335 2
owner 5 1108227 2
owner 5 1112334 2
owner 5 1108226 2
owner 5 1112333 2
owner 5 1108225 2
owner 5 1112332 2
owner 5 1108224 2
owner 5 1116440 2
owner 5 1112331 2
owner 5 1108223 2
owner 5 1116439 2
owner 5 1112330 2
owner 5 1108222 2
owner 5 1116438 2
owner 5 1112329 2
owner 5 1116437 2
owner 5 1120545 2
owner 5 1124653 2
owner 5 1120546 2
owner 5 1124654 2
owner 5 1120547 2
owner 5 1124655 2
owner 5 1128763 2
owner 5 1124656 2
owner 5 1128764 2
owner 5 1132872 2
owner 5 1128765 2
owner 5 1132873 2
owner 5 1128766 2
owner 5 1132874 2
owner 5 1128767 2
owner 5 1132871 2
owner 5 1128762 2
owner 5 1104115 2
owner 5 1104116 2
owner 5 1104117 2
owner 5 1104118 2
owner 5 3423866 3
owner 5 3419758 3
owner 5 3427974 3
owner 5 3423865 3
owner 5 3423867 3
owner 5 3419759 3
owner 5 3427975 3
owner 5 3423868 3
owner 5 3419760 3
owner 5 3427976 3
owner 5 3423869 3
owner 5 3419761 3
owner 5 3427977 3
owner 5 3415653 3
owner 5 3415652 3
owner 5 3411544 3
owner 5 3415651 3
owner 5 3411543 3
owner 5 3415650 3
owner 5 3411542 3
owner 5 3415649 3
owner 5 3411541 3
owner 5 3419757 3
owner 5 3415648 3
owner 5 3411540 3
owner 5 3419756 3
owner 5 3415647 3
owner 5 3411539 3
owner 5 3419755 3
owner 5 3415646 3
owner 5 3419754 3
owner 5 3423862 3
owner 5 3427970 3
owner 5 3423863 3
owner 5 3427971 3
owner 5 3423864 3
owner 5 3427972 3
owner 5 3432080 3
owner 5 3427973 3
owner 5 3432081 3
owner 5 3436189 3
owner 5 3432082 3
owner 5 3436190 3
owner 5 3432083 3
owner 5 3436191 3
owner 5 3432084 3
owner 5 3436188 3
owner 5 3432079 3
owner 5 3407432 3
owner 5 3407433 3
owner 5 3407434 3
owner 5 3407435 3
owner 5 6142596 4
owner 5 6138488 4
owner 5 6146704 4
owner 5 6142595 4
owner 5 6142597 4
owner 5 6138489 4
owner 5 6146705 4
owner 5 6142598 4
owner 5 6138490 4
owner 5 6146706 4
owner 5 6142599 4
owner 5 6138491 4
owner 5 6146707 4
owner 5 6134383 4
owner 5 6134382 4
owner 5 6130274 4
owner 5 6134381 4
owner 5 6130273 4
owner 5 6134380 4
owner 5 6130272 4
owner 5 6134379 4
owner 5 6130271 4
owner 5 6138487 4
owner 5 6134378 4
owner 5 6130270 4
owner 5 6138486 4
owner 5 6134377 4
owner 5 6130269 4
owner 5 6138485 4
owner 5 6134376 4
owner 5 6138484 4
owner 5 6142592 4
owner 5 6146700 4
owner 5 6142593 4
owner 5 6146701 4
owner 5 6142594 4
owner 5 6146702 4
owner 5 6150810 4
owner 5 6146703 4
owner 5 6150811 4
owner 5 6154919 4
owner 5 6150812 4
owner 5 6154920 4
owner 5 6150813 4
owner 5 6154921 4
owner 5 6150814 4
owner 5 6154918 4
owner 5 6150809 4
owner 5 6126162 4
owner 5 6126163 4
owner 5 6126164 4
owner 5 6126165 4
owner 5 3789465 5
owner 5 3785357 5
owner 5 3793573 5
owner 5 3789464 5
owner 5 3789466 5
owner 5 3785358 5
owner 5 3793574 5
owner 5 3789467 5
owner 5 3785359 5
owner 5 3793575 5
owner 5 3789468 5
owner 5 3785360 5
owner 5 3793576 5
owner 5 3781252 5
owner 5 3781251 5
owner 5 3777143 5
owner 5 3781250 5
owner 5 3777142 5
owner 5 3781249 5
owner 5 3777141 5
owner 5 3781248 5
owner 5 3777140 5
owner 5 3785356 5
owner 5 3781247 5
owner 5 3777139 5
owner 5 3785355 5
owner 5 3781246 5
owner 5 3777138 5
owner 5 3785354 5
owner 5 3781245 5
owner 5 3785353 5
owner 5 3789461 5
owner 5 3793569 5
owner 5 3789462 5
owner 5 3793570 5
owner 5 3789463 5
owner 5 3793571 5
owner 5 3797679 5
owner 5 3793572 5
owner 5 3797680 5
owner 5 3801788 5
owner 5 3797681 5
owner 5 3801789 5
owner 5 3797682 5
owner 5 3801790 5
owner 5 3797683 5
owner 5 3801787 5
owner 5 3797678 5
owner 5 3773031 5
owner 5 3773032 5
owner 5 3773033 5
owner 5 3773034 5
owner 5 713897 6
owner 5 709789 6
owner 5 718005 6
owner 5 713896 6
owner 5 713898 6
owner 5 709790 6
owner 5 718006 6
owner 5 713899 6
owner 5 709791 6
owner 5 718007 6
owner 5 713900 6
owner 5 709792 6
owner 5 718008 6
owner 5 705684 6
owner 5 705683 6
owner 5 701575 6
owner 5 705682 6
owner 5 701574 6
owner 5 705681 6
owner 5 701573 6
owner 5 705680 6
owner 5 701572 6
owner 5 709788 6
owner 5 705679 6
owner 5 701571 6
owner 5 709787 6
owner 5 705678 6
owner 5 701570 6
owner 5 709786 6
owner 5 705677 6
owner 5 709785 6
owner 5 713893 6
owner 5 718001 6
owner 5 713894 6
owner 5 718002 6
owner 5 713895 6
owner 5 718003 6
owner 5 722111 6
owner 5 718004 6
owner 5 722112 6
owner 5 726220 6
owner 5 722113 6
owner 5 726221 6
owner 5 722114 6
owner 5 726222 6
owner 5 722115 6
owner 5 726219 6
owner 5 722110 6
owner 5 697463 6
owner 5 697464 6
owner 5 697465 6
owner 5 697466 6
prev 5 1120549
prev 5 3423866
prev 5 6142596
prev 5 3789465
prev 5 713897
owned 5 3362838
owned 5 3362839
owned 5 3362840
owned 5 3362841
owned 5 3366945
owned 5 3366946
owned 5 3366947
owned 5 3366948
owned 5 3366949
owned 5 3366950
owned 5 3371052
owned 5 3371053
owned 5 3371054
owned 5 3371055
owned 5 3371056
owned 5 3371057
owned 5 3371058
owned 5 3371059
owned 5 3375160
owned 5 3375161
owned 5 3375162
owned 5 3375163
owned 5 3375164
owned 5 3375165
owned 5 3375166
owned 5 3375167
owned 5 3379268
owned 5 3379269
owned 5 3379270
owned 5 3379271
owned 5 3379272
owned 5 3379273
owned 5 3379274
owned 5 3379275
owned 5 3383376
owned 5 3383377
owned 5 3383378
owned 5 3383379
owned 5 3383380
owned 5 3383381
owned 5 3383382
owned 5 3383383
owned 5 3387485
owned 5 3387486
owned 5 3387487
owned 5 3387488
owned 5 3387489
owned 5 3387490
owned 5 3391594
owned 5 3391595
owned 5 3391596
owned 5 3391597
bot 6 8 l4g4juu8 1373847271 7557123 2511 1839 52
owner 6 1120549 2
owner 6 1116441 2
owner 6 1124657 2
owner 6 1120548 2
owner 6 1120550 2
owner 6 1116442 2
owner 6 1124658 2
owner 6 1120551 2
owner 6 1116443 2
owner 6 1124659 2
owner 6 1120552 2
owner 6 1116444 2
owner 6 1124660 2
owner 6 1112336 2
owner 6 1112335 2
owner 6 1108227 2
owner 6 1112334 2
owner 6 1108226 2
owner 6 1112333 2
owner 6 1108225 2
owner 6 1112332 2
owner 6 1108224 2
owner 6 1116440 2
owner 6 1112331 2
owner 6 1108223 2
owner 6 1116439 2
owner 6 1112330 2
owner 6 1108222 2
owner 6 1116438 2
owner 6 1112329 2
owner 6 1116437 2
owner 6 1120545 2
owner 6 1124653 2
owner 6 1120546 2
owner 6 1124654 2
owner 6 1120547 2
owner 6 1124655 2
owner 6 1128763 2
owner 6 1124656 2
owner 6 1128764 2
owner 6 1132872 2
owner 6 1128765 2
owner 6 1132873 2
owner 6 1128766 2
owner 6 1132874 2
owner 6 1128767 2
owner 6 1132871 2
owner 6 1128762 2
owner 6 1104115 2
owner 6 1104116 2
owner 6 1104117 2
owner 6 1104118 2
owner 6 3423866 3
owner 6 3419758 3
owner 6 3427974 3
owner 6 3423865 3
owner 6 3423867 3
owner 6 3419759 3
owner 6 3427975 3
owner 6 3423868 3
owner 6 3419760 3
owner 6 3427976 3
owner 6 3423869 3
owner 6 3419761 3
owner 6 3427977 3
owner 6 3415653 3
owner 6 3415652 3
owner 6 3411544 3
owner 6 3415651 3
owner 6 3411543 3
owner 6 3415650 3
owner 6 3411542 3
owner 6 3415649 3
owner 6 3411541 3
owner 6 3419757 3
owner 6 3415648 3
owner 6 3411540 3
owner 6 3419756 3
owner 6 3415647 3
owner 6 3411539 3
owner 6 3419755 3
owner 6 3415646 3
owner 6 3419754 3
owner 6 3423862 3
owner 6 3427970 3
owner 6 3423863 3
owner 6 3427971 3
owner 6 3423864 3
owner 6 3427972 3
owner 6 3432080 3
owner 6 3427973 3
owner 6 3432081 3
owner 6 3436189 3
owner 6 3432082 3
owner 6 3436190 3
owner 6 3432083 3
owner 6 3436191 3
owner 6 3432084 3
owner 6 3436188 3
owner 6 3432079 3
owner 6 3407432 3
owner 6 3407433 3
owner 6 3407434 3
owner 6 3407435 3
owner 6 6142596 4
owner 6 6138488 4
owner 6 6146704 4
owner 6 6142595 4
owner 6 6142597 4
owner 6 6138489 4
owner 6 6146705 4
owner 6 6142598 4
owner 6 6138490 4
owner 6 6146706 4
owner 6 6142599 4
owner 6 6138491 4
owner 6 6146707 4
owner 6 6134383 4
owner 6 6134382 4
owner 6 6130274 4
owner 6 6134381 4
owner 6 6130273 4
owner 6 6134380 4
owner 6 6130272 4
owner 6 6134379 4
owner 6 6130271 4
owner 6 6138487 4
owner 6 6134378 4
owner 6 6130270 4
owner 6 6138486 4
owner 6 6134377 4
owner 6 6130269 4
owner 6 6138485 4
owner 6 6134376 4
owner 6 6138484 4
owner 6 6142592 4
owner 6 6146700 4
owner 6 6142593 4
owner 6 6146701 4
owner 6 6142594 4
owner 6 6146702 4
owner 6 6150810 4
owner 6 6146703 4
owner 6 6150811 4
owner 6 6154919 4
owner 6 6150812 4
owner 6 6154920 4
owner 6 6150813 4
owner 6 6154921 4
owner 6 6150814 4
owner 6 6154918 4
owner 6 6150809 4
owner 6 6126162 4
owner 6 6126163 4
owner 6 6126164 4
owner 6 6126165 4
owner 6 3789465 5
owner 6 3785357 5
owner 6 3793573 5
owner 6 3789464 5
owner 6 3789466 5
owner 6 3785358 5
owner 6 3793574 5
owner 6 3789467 5
owner 6 3785359 5
owner 6 3793575 5
owner 6 3789468 5
owner 6 3785360 5
owner 6 3793576 5
owner 6 3781252 5
owner 6 3781251 5
owner 6 3777143 5
owner 6 3781250 5
owner 6 3777142 5
owner 6 3781249 5
owner 6 3777141 5
owner 6 3781248 5
owner 6 3777140 5
owner 6 3785356 5
owner 6 3781247 5
owner 6 3777139 5
owner 6 3785355 5
owner 6 3781246 5
owner 6 3777138 5
owner 6 3785354 5
owner 6 3781245 5
owner 6 3785353 5
owner 6 3789461 5
owner 6 3793569 5
owner 6 3789462 5
owner 6 3793570 5
owner 6 3789463 5
owner 6 3793571 5
owner 6 3797679 5
owner 6 3793572 5
owner 6 3797680 5
owner 6 3801788 5
owner 6 3797681 5
owner 6 3801789 5
owner 6 3797682 5
owner 6 3801790 5
owner 6 3797683 5
owner 6 3801787 5
owner 6 3797678 5
owner 6 3773031 5
owner 6 3773032 5
owner 6 3773033 5
owner 6 3773034 5
owner 6 713897 6
owner 6 709789 6
owner 6 718005 6
owner 6 713896 6
owner 6 713898 6
owner 6 709790 6
owner 6 718006 6
owner 6 713899 6
owner 6 709791 6
owner 6 718007 6
owner 6 713900 6
owner 6 709792 6
owner 6 718008 6
owner 6 705684 6
owner 6 705683 6
owner 6 701575 6
owner 6 705682 6
owner 6 701574 6
owner 6 705681 6
owner 6 701573 6
owner 6 705680 6
owner 6 701572 6
owner 6 709788 6
owner 6 705679 6
owner 6 701571 6
owner 6 709787 6
owner 6 705678 6
owner 6 701570 6
owner 6 709786 6
owner 6 705677 6
owner 6 709785 6
owner 6 713893 6
owner 6 718001 6
owner 6 713894 6
owner 6 718002 6
owner 6 713895 6
owner 6 718003 6
owner 6 722111 6
owner 6 718004 6
owner 6 722112 6
owner 6 726220 6
owner 6 722113 6
owner 6 726221 6
owner 6 722114 6
owner 6 726222 6
owner 6 722115 6
owner 6 726219 6
owner 6 722110 6
owner 6 697463 6
owner 6 697464 6
owner 6 697465 6
owner 6 697466 6
owner 6 3379272 7
owner 6 3375164 7
owner 6 3383380 7
owner 6 3379271 7
owner 6 3379273 7
owner 6 3375165 7
owner 6 3383381 7
owner 6 3379274 7
owner 6 3375166 7
owner 6 3383382 7
owner 6 3379275 7
owner 6 3375167 7
owner 6 3383383 7
owner 6 3371059 7
owner 6 3371058 7
owner 6 3366950 7
owner 6 3371057 7
owner 6 3366949 7
owner 6 3371056 7
owner 6 3366948 7
owner 6 3371055 7
owner 6 3366947 7
owner 6 3375163 7
owner 6 3371054 7
owner 6 3366946 7
owner 6 3375162 7
owner 6 3371053 7
owner 6 3366945 7
owner 6 3375161 7
owner 6 3371052 7
owner 6 3375160 7
owner 6 3379268 7
owner 6 3383376 7
owner 6 3379269 7
owner 6 3383377 7
owner 6 3379270 7
owner 6 3383378 7
owner 6 3387486 7
owner 6 3383379 7
owner 6 3387487 7
owner 6 3391595 7
owner 6 3387488 7
owner 6 3391596 7
owner 6 3387489 7
owner 6 3391597 7
owner 6 3387490 7
owner 6 3391594 7
owner 6 3387485 7
owner 6 3362838 7
owner 6 3362839 7
owner 6 3362840 7
owner 6 3362841 7
prev 6 1120549
prev 6 3423866
prev 6 6142596
prev 6 3789465
prev 6 713897
prev 6 3379272
owned 6 7540689
owned 6 7540690
owned 6 7540691
owned 6 7540692
owned 6 7544796
owned 6 7544797
owned 6 7544798
owned 6 7544799
owned 6 7544800
owned 6 7544801
owned 6 7548903
owned 6 7548904
owned 6 7548905
owned 6 7548906
owned 6 7548907
owned 6 7548908
owned 6 7548909
owned 6 7548910
owned 6 7553011
owned 6 7553012
owned 6 7553013
owned 6 7553014
owned 6 7553015
owned 6 7553016
owned 6 7553017
owned 6 7553018
owned 6 7557119
owned 6 7557120
owned 6 7557121
owned 6 7557122
owned 6 7557123
owned 6 7557124
owned 6 7557125
owned 6 7557126
owned 6 7561227
owned 6 7561228
owned 6 7561229
owned 6 7561230
owned 6 7561231
owned 6 7561232
owned 6 7561233
owned 6 7561234
owned 6 7565336
owned 6 7565337
owned 6 7565338
owned 6 7565339
owned 6 7565340
owned 6 7565341
owned 6 7569445
owned 6 7569446
owned 6 7569447
owned 6 7569448
