# ofcuda_prng initial-state v1 (port spawn/initial state; engine-bit-exact)
# source reference /opt/data/workspaces/skg/ofcuda_matrix/out/matrix/refs/giantworldmap_a7_nat0.spawn.txt
map giantworldmap
seed parity
game_id QqkIuyke
game_hash 223241348
agents 7
nations 0
human_agents 1
width 4108
height 1948
min_dist 30
player 1 H nd8079oo -1 0 0
player 2 B 7kmb47oc 1120549 1 52
player 3 B su965kfe 3423866 1 52
player 4 B 4918e5rs 6142596 1 52
player 5 B 0grah7qg 3789465 1 52
player 6 B 79lbhuod 713897 1 52
player 7 B 0eay8wsu 3379272 1 52
player 8 B l4g4juu8 7557123 1 52
bot 0 2 7kmb47oc 979863364 1120549 52
owned 0 1120549 1120550 1120551 1120552 1124660 1116444 1112336 1112335 1112334 1112333 1112332 1112331 1112330 1112329 1116437 1120545 1120546 1120547 1124655 1124656 1128764 1128765 1128766 1128767 1132874 1132873 1132872 1132871 1128763 1128762 1124654 1124653 1116438 1108222 1116439 1108223 1104115 1104116 1104117 1104118 1116440 1108224 1108225 1108226 1108227 1124659 1116443 1124658 1116442 1120548 1124657 1116441
bot 1 3 su965kfe 1225099288 3423866 52
owned 1 3423866 3423867 3423868 3423869 3427977 3419761 3415653 3415652 3415651 3415650 3415649 3415648 3415647 3415646 3419754 3423862 3423863 3423864 3427972 3427973 3432081 3432082 3432083 3432084 3436191 3436190 3436189 3436188 3432080 3432079 3427971 3427970 3419755 3411539 3419756 3411540 3407432 3407433 3407434 3407435 3419757 3411541 3411542 3411543 3411544 3427976 3419760 3427975 3419759 3423865 3427974 3419758
bot 2 4 4918e5rs 1160776865 6142596 52
owned 2 6142596 6142597 6142598 6142599 6146707 6138491 6134383 6134382 6134381 6134380 6134379 6134378 6134377 6134376 6138484 6142592 6142593 6142594 6146702 6146703 6150811 6150812 6150813 6150814 6154921 6154920 6154919 6154918 6150810 6150809 6146701 6146700 6138485 6130269 6138486 6130270 6126162 6126163 6126164 6126165 6138487 6130271 6130272 6130273 6130274 6146706 6138490 6146705 6138489 6142595 6146704 6138488
bot 3 5 0grah7qg -2107334215 3789465 52
owned 3 3789465 3789466 3789467 3789468 3793576 3785360 3781252 3781251 3781250 3781249 3781248 3781247 3781246 3781245 3785353 3789461 3789462 3789463 3793571 3793572 3797680 3797681 3797682 3797683 3801790 3801789 3801788 3801787 3797679 3797678 3793570 3793569 3785354 3777138 3785355 3777139 3773031 3773032 3773033 3773034 3785356 3777140 3777141 3777142 3777143 3793575 3785359 3793574 3785358 3789464 3793573 3785357
bot 4 6 79lbhuod 919150858 713897 52
owned 4 713897 713898 713899 713900 718008 709792 705684 705683 705682 705681 705680 705679 705678 705677 709785 713893 713894 713895 718003 718004 722112 722113 722114 722115 726222 726221 726220 726219 722111 722110 718002 718001 709786 701570 709787 701571 697463 697464 697465 697466 709788 701572 701573 701574 701575 718007 709791 718006 709790 713896 718005 709789
bot 5 7 0eay8wsu 312910098 3379272 52
owned 5 3379272 3379273 3379274 3379275 3383383 3375167 3371059 3371058 3371057 3371056 3371055 3371054 3371053 3371052 3375160 3379268 3379269 3379270 3383378 3383379 3387487 3387488 3387489 3387490 3391597 3391596 3391595 3391594 3387486 3387485 3383377 3383376 3375161 3366945 3375162 3366946 3362838 3362839 3362840 3362841 3375163 3366947 3366948 3366949 3366950 3383382 3375166 3383381 3375165 3379271 3383380 3375164
bot 6 8 l4g4juu8 1373847271 7557123 52
owned 6 7557123 7557124 7557125 7557126 7561234 7553018 7548910 7548909 7548908 7548907 7548906 7548905 7548904 7548903 7553011 7557119 7557120 7557121 7561229 7561230 7565338 7565339 7565340 7565341 7569448 7569447 7569446 7569445 7565337 7565336 7561228 7561227 7553012 7544796 7553013 7544797 7540689 7540690 7540691 7540692 7553014 7544798 7544799 7544800 7544801 7561233 7553017 7561232 7553016 7557122 7561231 7553015
