# ofcuda_prng initial-state v1 (port spawn/initial state; engine-bit-exact)
# source reference /opt/data/workspaces/skg/ofcuda_matrix/out/matrix/refs/mississippiriver_a18_nat0.spawn.txt
map mississippiriver
seed parity
game_id QqkIuyke
game_hash 223241348
agents 18
nations 0
human_agents 1
width 400
height 4200
min_dist 30
player 1 H nd8079oo -1 0 0
player 2 B 7kmb47oc 180501 1 52
player 3 B su965kfe 718585 1 52
player 4 B 4918e5rs 1333241 1 52
player 5 B 0grah7qg 500999 1 52
player 6 B 79lbhuod 50852 1 52
player 7 B 0eay8wsu 1204313 1 52
player 8 B l4g4juu8 844475 1 52
player 9 B gsw4n5km 1503697 1 52
player 10 B ooz4f963 1459573 1 52
player 11 B g49bog52 529111 1 52
player 12 B vl3arc4y 786489 1 52
player 13 B 26spmsu2 665392 1 52
player 14 B 666fmd2f 473073 1 52
player 15 B vybu8oes 975537 1 52
player 16 B tlx2iciq 214472 1 52
player 17 B 8i7cuo9t 270000 1 26
player 18 B ay8xa67r 886708 1 52
player 19 B fha1xhrw 738359 1 52
bot 0 2 7kmb47oc 979863364 180501 52
owned 0 180501 180502 180503 180504 180904 180104 179704 179703 179702 179701 179700 179699 179698 179697 180097 180497 180498 180499 180899 180900 181300 181301 181302 181303 181702 181701 181700 181699 181299 181298 180898 180897 180098 179298 180099 179299 178899 178900 178901 178902 180100 179300 179301 179302 179303 180903 180103 180902 180102 180500 180901 180101
bot 1 3 su965kfe 1225099288 718585 52
owned 1 718585 718586 718587 718588 718988 718188 717788 717787 717786 717785 717784 717783 717782 717781 718181 718581 718582 718583 718983 718984 719384 719385 719386 719387 719786 719785 719784 719783 719383 719382 718982 718981 718182 717382 718183 717383 716983 716984 716985 716986 718184 717384 717385 717386 717387 718987 718187 718986 718186 718584 718985 718185
bot 2 4 4918e5rs 1160776865 1333241 52
owned 2 1333241 1333242 1333243 1333244 1333644 1332844 1332444 1332443 1332442 1332441 1332440 1332439 1332438 1332437 1332837 1333237 1333238 1333239 1333639 1333640 1334040 1334041 1334042 1334043 1334442 1334441 1334440 1334439 1334039 1334038 1333638 1333637 1332838 1332038 1332839 1332039 1331639 1331640 1331641 1331642 1332840 1332040 1332041 1332042 1332043 1333643 1332843 1333642 1332842 1333240 1333641 1332841
bot 3 5 0grah7qg -2107334215 500999 52
owned 3 500999 501000 501001 501002 501402 500602 500202 500201 500200 500199 500198 500197 500196 500195 500595 500995 500996 500997 501397 501398 501798 501799 501800 501801 502200 502199 502198 502197 501797 501796 501396 501395 500596 499796 500597 499797 499397 499398 499399 499400 500598 499798 499799 499800 499801 501401 500601 501400 500600 500998 501399 500599
bot 4 6 79lbhuod 919150858 50852 52
owned 4 50852 50853 50854 50855 51255 50455 50055 50054 50053 50052 50051 50050 50049 50048 50448 50848 50849 50850 51250 51251 51651 51652 51653 51654 52053 52052 52051 52050 51650 51649 51249 51248 50449 49649 50450 49650 49250 49251 49252 49253 50451 49651 49652 49653 49654 51254 50454 51253 50453 50851 51252 50452
bot 5 7 0eay8wsu 312910098 1204313 52
owned 5 1204313 1204314 1204315 1204316 1204716 1203916 1203516 1203515 1203514 1203513 1203512 1203511 1203510 1203509 1203909 1204309 1204310 1204311 1204711 1204712 1205112 1205113 1205114 1205115 1205514 1205513 1205512 1205511 1205111 1205110 1204710 1204709 1203910 1203110 1203911 1203111 1202711 1202712 1202713 1202714 1203912 1203112 1203113 1203114 1203115 1204715 1203915 1204714 1203914 1204312 1204713 1203913
bot 6 8 l4g4juu8 1373847271 844475 52
owned 6 844475 844476 844477 844478 844878 844078 843678 843677 843676 843675 843674 843673 843672 843671 844071 844471 844472 844473 844873 844874 845274 845275 845276 845277 845676 845675 845674 845673 845273 845272 844872 844871 844072 843272 844073 843273 842873 842874 842875 842876 844074 843274 843275 843276 843277 844877 844077 844876 844076 844474 844875 844075
bot 7 9 gsw4n5km 1786011062 1503697 52
owned 7 1503697 1503698 1503699 1503700 1504100 1503300 1502900 1502899 1502898 1502897 1502896 1502895 1502894 1502893 1503293 1503693 1503694 1503695 1504095 1504096 1504496 1504497 1504498 1504499 1504898 1504897 1504896 1504895 1504495 1504494 1504094 1504093 1503294 1502494 1503295 1502495 1502095 1502096 1502097 1502098 1503296 1502496 1502497 1502498 1502499 1504099 1503299 1504098 1503298 1503696 1504097 1503297
bot 8 10 ooz4f963 1067254298 1459573 52
owned 8 1459573 1459574 1459575 1459576 1459976 1459176 1458776 1458775 1458774 1458773 1458772 1458771 1458770 1458769 1459169 1459569 1459570 1459571 1459971 1459972 1460372 1460373 1460374 1460375 1460774 1460773 1460772 1460771 1460371 1460370 1459970 1459969 1459170 1458370 1459171 1458371 1457971 1457972 1457973 1457974 1459172 1458372 1458373 1458374 1458375 1459975 1459175 1459974 1459174 1459572 1459973 1459173
bot 9 11 g49bog52 471077977 529111 52
owned 9 529111 529112 529113 529114 529514 528714 528314 528313 528312 528311 528310 528309 528308 528307 528707 529107 529108 529109 529509 529510 529910 529911 529912 529913 530312 530311 530310 530309 529909 529908 529508 529507 528708 527908 528709 527909 527509 527510 527511 527512 528710 527910 527911 527912 527913 529513 528713 529512 528712 529110 529511 528711
bot 10 12 vl3arc4y 2110741002 786489 52
owned 10 786489 786490 786491 786492 786892 786092 785692 785691 785690 785689 785688 785687 785686 785685 786085 786485 786486 786487 786887 786888 787288 787289 787290 787291 787690 787689 787688 787687 787287 787286 786886 786885 786086 785286 786087 785287 784887 784888 784889 784890 786088 785288 785289 785290 785291 786891 786091 786890 786090 786488 786889 786089
bot 11 13 26spmsu2 1249151528 665392 52
owned 11 665392 665393 665394 665395 665795 664995 664595 664594 664593 664592 664591 664590 664589 664588 664988 665388 665389 665390 665790 665791 666191 666192 666193 666194 666593 666592 666591 666590 666190 666189 665789 665788 664989 664189 664990 664190 663790 663791 663792 663793 664991 664191 664192 664193 664194 665794 664994 665793 664993 665391 665792 664992
bot 12 14 666fmd2f -2125171585 473073 52
owned 12 473073 473074 473075 473076 473476 472676 472276 472275 472274 472273 472272 472271 472270 472269 472669 473069 473070 473071 473471 473472 473872 473873 473874 473875 474274 474273 474272 474271 473871 473870 473470 473469 472670 471870 472671 471871 471471 471472 471473 471474 472672 471872 471873 471874 471875 473475 472675 473474 472674 473072 473473 472673
bot 13 15 vybu8oes 2095769353 975537 52
owned 13 975537 975538 975539 975540 975940 975140 974740 974739 974738 974737 974736 974735 974734 974733 975133 975533 975534 975535 975935 975936 976336 976337 976338 976339 976738 976737 976736 976735 976335 976334 975934 975933 975134 974334 975135 974335 973935 973936 973937 973938 975136 974336 974337 974338 974339 975939 975139 975938 975138 975536 975937 975137
bot 14 16 tlx2iciq 1076827768 214472 52
owned 14 214472 214473 214474 214475 214875 214075 213675 213674 213673 213672 213671 213670 213669 213668 214068 214468 214469 214470 214870 214871 215271 215272 215273 215274 215673 215672 215671 215670 215270 215269 214869 214868 214069 213269 214070 213270 212870 212871 212872 212873 214071 213271 213272 213273 213274 214874 214074 214873 214073 214471 214872 214072
bot 15 17 8i7cuo9t 1041878418 270000 26
owned 15 270000 270001 270002 270003 270403 269603 269203 269202 269201 269200 268800 268400 268401 268801 268802 270402 270802 270801 270800 271200 271201 269602 270401 269601 270400 269600
bot 16 18 ay8xa67r 1238569276 886708 52
owned 16 886708 886709 886710 886711 887111 886311 885911 885910 885909 885908 885907 885906 885905 885904 886304 886704 886705 886706 887106 887107 887507 887508 887509 887510 887909 887908 887907 887906 887506 887505 887105 887104 886305 885505 886306 885506 885106 885107 885108 885109 886307 885507 885508 885509 885510 887110 886310 887109 886309 886707 887108 886308
bot 17 19 fha1xhrw -2086814691 738359 52
owned 17 738359 738360 738361 738362 738762 737962 737562 737561 737560 737559 737558 737557 737556 737555 737955 738355 738356 738357 738757 738758 739158 739159 739160 739161 739560 739559 739558 739557 739157 739156 738756 738755 737956 737156 737957 737157 736757 736758 736759 736760 737958 737158 737159 737160 737161 738761 737961 738760 737960 738358 738759 737959
