# ofcuda_prng initial-state v1 (port spawn/initial state; engine-bit-exact)
# source reference /opt/data/workspaces/skg/ofcuda_matrix/out/matrix/refs/onion_a64_nat0.spawn.txt
map onion
seed parity
game_id QqkIuyke
game_hash 223241348
agents 64
nations 0
human_agents 1
width 512
height 512
min_dist 30
player 1 H nd8079oo -1 0 0
player 2 B 7kmb47oc 27778 1 52
player 3 B su965kfe 61062 1 52
player 4 B 4918e5rs 207925 1 52
player 5 B 0grah7qg 112589 1 52
player 6 B 79lbhuod 7747 1 52
player 7 B 0eay8wsu 185078 1 52
player 8 B l4g4juu8 131680 1 52
player 9 B gsw4n5km 220653 1 52
player 10 B ooz4f963 227805 1 52
player 11 B g49bog52 82831 1 52
player 12 B vl3arc4y 122481 1 52
player 13 B 26spmsu2 25478 1 52
player 14 B 666fmd2f 74078 1 52
player 15 B vybu8oes 59181 1 52
player 16 B tlx2iciq 33373 1 52
player 17 B 8i7cuo9t 153772 1 52
player 18 B ay8xa67r 177159 1 52
player 19 B fha1xhrw 92099 1 52
player 20 B 0n5m7v7w 107882 1 52
player 21 B g1kcotxi 171033 1 52
player 22 B onu80sk7 199671 1 52
player 23 B mt378h9n 202681 1 52
player 24 B bo2xv2tw 103834 1 52
player 25 B 4j0jwl8e 100382 1 52
player 26 B 2q1yboxl 71866 1 52
player 27 B uf1afynu 161215 1 52
player 28 B hnp5jsyu 159030 1 52
player 29 B 3ks2xdvj 256926 1 52
player 30 B 6udu18l9 47530 1 52
player 31 B u9qkgxb0 154843 1 52
player 32 B gxzvzcy1 55630 1 52
player 33 B soumc8lx 254053 1 52
player 34 B pbtdxhy8 123453 1 52
player 35 B 7qca320q 42978 1 52
player 36 B qu4dw13r 192577 1 52
player 37 B uf42rmom 53333 1 52
player 38 B 5pzo5nyp 25584 1 52
player 39 B lpeu6a40 219137 1 34
player 40 B m01qyq41 103482 1 52
player 41 B qp5j7mcl 193299 1 52
player 42 B daoks386 194425 1 52
player 43 B 1adrc0if 39033 1 52
player 44 B z2sjy7tl 49712 1 52
player 45 B 2a2pcqq2 69613 1 52
player 46 B 965x3zic 240126 1 42
player 47 B yytwuuvv 167653 1 52
player 48 B 0bq4zvkx 150286 1 52
player 49 B fqo7elia 184418 1 52
player 50 B xb2eodru 221398 1 52
player 51 B dn2a1fmz 93814 1 52
player 52 B c657fqi1 233990 1 52
player 53 B 3oa0wbik 254930 1 52
player 54 B bbor86ta 143358 1 42
player 55 B ke481hq3 244816 1 52
player 56 B 1p7me35b 116758 1 52
player 57 B ros1fefm 94031 1 52
player 58 B bbj4439d 66067 1 52
player 59 B 50euwmgf 56490 1 52
player 60 B 6ifrrqwg 178458 1 52
player 61 B t3qojvzx 152071 1 52
player 62 B e39s2b1x 45413 1 52
player 63 B 8elalp3o 250805 1 52
player 64 B drzdgt29 217988 1 52
player 65 B a5l13l40 253610 1 52
bot 0 2 7kmb47oc 979863364 27778 52
owned 0 27778 27779 27780 27781 28293 27269 26757 26756 26755 26754 26753 26752 26751 26750 27262 27774 27775 27776 28288 28289 28801 28802 28803 28804 29315 29314 29313 29312 28800 28799 28287 28286 27263 26239 27264 26240 25728 25729 25730 25731 27265 26241 26242 26243 26244 28292 27268 28291 27267 27777 28290 27266
bot 1 3 su965kfe 1225099288 61062 52
owned 1 61062 61063 61064 61065 61577 60553 60041 60040 60039 60038 60037 60036 60035 60034 60546 61058 61059 61060 61572 61573 62085 62086 62087 62088 62599 62598 62597 62596 62084 62083 61571 61570 60547 59523 60548 59524 59012 59013 59014 59015 60549 59525 59526 59527 59528 61576 60552 61575 60551 61061 61574 60550
bot 2 4 4918e5rs 1160776865 207925 52
owned 2 207925 207926 207927 207928 208440 207416 206904 206903 206902 206901 206900 206899 206898 206897 207409 207921 207922 207923 208435 208436 208948 208949 208950 208951 209462 209461 209460 209459 208947 208946 208434 208433 207410 206386 207411 206387 205875 205876 205877 205878 207412 206388 206389 206390 206391 208439 207415 208438 207414 207924 208437 207413
bot 3 5 0grah7qg -2107334215 112589 52
owned 3 112589 112590 112591 112592 113104 112080 111568 111567 111566 111565 111564 111563 111562 111561 112073 112585 112586 112587 113099 113100 113612 113613 113614 113615 114126 114125 114124 114123 113611 113610 113098 113097 112074 111050 112075 111051 110539 110540 110541 110542 112076 111052 111053 111054 111055 113103 112079 113102 112078 112588 113101 112077
bot 4 6 79lbhuod 919150858 7747 52
owned 4 7747 7748 7749 7750 8262 7238 6726 6725 6724 6723 6722 6721 6720 6719 7231 7743 7744 7745 8257 8258 8770 8771 8772 8773 9284 9283 9282 9281 8769 8768 8256 8255 7232 6208 7233 6209 5697 5698 5699 5700 7234 6210 6211 6212 6213 8261 7237 8260 7236 7746 8259 7235
bot 5 7 0eay8wsu 312910098 185078 52
owned 5 185078 185079 185080 185081 185593 184569 184057 184056 184055 184054 184053 184052 184051 184050 184562 185074 185075 185076 185588 185589 186101 186102 186103 186104 186615 186614 186613 186612 186100 186099 185587 185586 184563 183539 184564 183540 183028 183029 183030 183031 184565 183541 183542 183543 183544 185592 184568 185591 184567 185077 185590 184566
bot 6 8 l4g4juu8 1373847271 131680 52
owned 6 131680 131681 131682 131683 132195 131171 130659 130658 130657 130656 130655 130654 130653 130652 131164 131676 131677 131678 132190 132191 132703 132704 132705 132706 133217 133216 133215 133214 132702 132701 132189 132188 131165 130141 131166 130142 129630 129631 129632 129633 131167 130143 130144 130145 130146 132194 131170 132193 131169 131679 132192 131168
bot 7 9 gsw4n5km 1786011062 220653 52
owned 7 220653 220654 220655 220656 221168 220144 219632 219631 219630 219629 219628 219627 219626 219625 220137 220649 220650 220651 221163 221164 221676 221677 221678 221679 222190 222189 222188 222187 221675 221674 221162 221161 220138 219114 220139 219115 218603 218604 218605 218606 220140 219116 219117 219118 219119 221167 220143 221166 220142 220652 221165 220141
bot 8 10 ooz4f963 1067254298 227805 52
owned 8 227805 227806 227807 227808 228320 227296 226784 226783 226782 226781 226780 226779 226778 226777 227289 227801 227802 227803 228315 228316 228828 228829 228830 228831 229342 229341 229340 229339 228827 228826 228314 228313 227290 226266 227291 226267 225755 225756 225757 225758 227292 226268 226269 226270 226271 228319 227295 228318 227294 227804 228317 227293
bot 9 11 g49bog52 471077977 82831 52
owned 9 82831 82832 82833 82834 83346 82322 81810 81809 81808 81807 81806 81805 81804 81803 82315 82827 82828 82829 83341 83342 83854 83855 83856 83857 84368 84367 84366 84365 83853 83852 83340 83339 82316 81292 82317 81293 80781 80782 80783 80784 82318 81294 81295 81296 81297 83345 82321 83344 82320 82830 83343 82319
bot 10 12 vl3arc4y 2110741002 122481 52
owned 10 122481 122482 122483 122484 122996 121972 121460 121459 121458 121457 121456 121455 121454 121453 121965 122477 122478 122479 122991 122992 123504 123505 123506 123507 124018 124017 124016 124015 123503 123502 122990 122989 121966 120942 121967 120943 120431 120432 120433 120434 121968 120944 120945 120946 120947 122995 121971 122994 121970 122480 122993 121969
bot 11 13 26spmsu2 1249151528 25478 52
owned 11 25478 25479 25480 25481 25993 24969 24457 24456 24455 24454 24453 24452 24451 24450 24962 25474 25475 25476 25988 25989 26501 26502 26503 26504 27015 27014 27013 27012 26500 26499 25987 25986 24963 23939 24964 23940 23428 23429 23430 23431 24965 23941 23942 23943 23944 25992 24968 25991 24967 25477 25990 24966
bot 12 14 666fmd2f -2125171585 74078 52
owned 12 74078 74079 74080 74081 74593 73569 73057 73056 73055 73054 73053 73052 73051 73050 73562 74074 74075 74076 74588 74589 75101 75102 75103 75104 75615 75614 75613 75612 75100 75099 74587 74586 73563 72539 73564 72540 72028 72029 72030 72031 73565 72541 72542 72543 72544 74592 73568 74591 73567 74077 74590 73566
bot 13 15 vybu8oes 2095769353 59181 52
owned 13 59181 59182 59183 59184 59696 58672 58160 58159 58158 58157 58156 58155 58154 58153 58665 59177 59178 59179 59691 59692 60204 60205 60206 60207 60718 60717 60716 60715 60203 60202 59690 59689 58666 57642 58667 57643 57131 57132 57133 57134 58668 57644 57645 57646 57647 59695 58671 59694 58670 59180 59693 58669
bot 14 16 tlx2iciq 1076827768 33373 52
owned 14 33373 33374 33375 33376 33888 32864 32352 32351 32350 32349 32348 32347 32346 32345 32857 33369 33370 33371 33883 33884 34396 34397 34398 34399 34910 34909 34908 34907 34395 34394 33882 33881 32858 31834 32859 31835 31323 31324 31325 31326 32860 31836 31837 31838 31839 33887 32863 33886 32862 33372 33885 32861
bot 15 17 8i7cuo9t 1041878418 153772 52
owned 15 153772 153773 153774 153775 154287 153263 152751 152750 152749 152748 152747 152746 152745 152744 153256 153768 153769 153770 154282 154283 154795 154796 154797 154798 155309 155308 155307 155306 154794 154793 154281 154280 153257 152233 153258 152234 151722 151723 151724 151725 153259 152235 152236 152237 152238 154286 153262 154285 153261 153771 154284 153260
bot 16 18 ay8xa67r 1238569276 177159 52
owned 16 177159 177160 177161 177162 177674 176650 176138 176137 176136 176135 176134 176133 176132 176131 176643 177155 177156 177157 177669 177670 178182 178183 178184 178185 178696 178695 178694 178693 178181 178180 177668 177667 176644 175620 176645 175621 175109 175110 175111 175112 176646 175622 175623 175624 175625 177673 176649 177672 176648 177158 177671 176647
bot 17 19 fha1xhrw -2086814691 92099 52
owned 17 92099 92100 92101 92102 92614 91590 91078 91077 91076 91075 91074 91073 91072 91071 91583 92095 92096 92097 92609 92610 93122 93123 93124 93125 93636 93635 93634 93633 93121 93120 92608 92607 91584 90560 91585 90561 90049 90050 90051 90052 91586 90562 90563 90564 90565 92613 91589 92612 91588 92098 92611 91587
bot 18 20 0n5m7v7w 2006771567 107882 52
owned 18 107882 107883 107884 107885 108397 107373 106861 106860 106859 106858 106857 106856 106855 106854 107366 107878 107879 107880 108392 108393 108905 108906 108907 108908 109419 109418 109417 109416 108904 108903 108391 108390 107367 106343 107368 106344 105832 105833 105834 105835 107369 106345 106346 106347 106348 108396 107372 108395 107371 107881 108394 107370
bot 19 21 g1kcotxi 1701193324 171033 52
owned 19 171033 171034 171035 171036 171548 170524 170012 170011 170010 170009 170008 170007 170006 170005 170517 171029 171030 171031 171543 171544 172056 172057 172058 172059 172570 172569 172568 172567 172055 172054 171542 171541 170518 169494 170519 169495 168983 168984 168985 168986 170520 169496 169497 169498 169499 171547 170523 171546 170522 171032 171545 170521
bot 20 22 onu80sk7 2095760979 199671 52
owned 20 199671 199672 199673 199674 200186 199162 198650 198649 198648 198647 198646 198645 198644 198643 199155 199667 199668 199669 200181 200182 200694 200695 200696 200697 201208 201207 201206 201205 200693 200692 200180 200179 199156 198132 199157 198133 197621 197622 197623 197624 199158 198134 198135 198136 198137 200185 199161 200184 199160 199670 200183 199159
bot 21 23 mt378h9n 2146580788 202681 52
owned 21 202681 202682 202683 202684 203196 202172 201660 201659 201658 201657 201656 201655 201654 201653 202165 202677 202678 202679 203191 203192 203704 203705 203706 203707 204218 204217 204216 204215 203703 203702 203190 203189 202166 201142 202167 201143 200631 200632 200633 200634 202168 201144 201145 201146 201147 203195 202171 203194 202170 202680 203193 202169
bot 22 24 bo2xv2tw 494470294 103834 52
owned 22 103834 103835 103836 103837 104349 103325 102813 102812 102811 102810 102809 102808 102807 102806 103318 103830 103831 103832 104344 104345 104857 104858 104859 104860 105371 105370 105369 105368 104856 104855 104343 104342 103319 102295 103320 102296 101784 101785 101786 101787 103321 102297 102298 102299 102300 104348 103324 104347 103323 103833 104346 103322
bot 23 25 4j0jwl8e 1716918454 100382 52
owned 23 100382 100383 100384 100385 100897 99873 99361 99360 99359 99358 99357 99356 99355 99354 99866 100378 100379 100380 100892 100893 101405 101406 101407 101408 101919 101918 101917 101916 101404 101403 100891 100890 99867 98843 99868 98844 98332 98333 98334 98335 99869 98845 98846 98847 98848 100896 99872 100895 99871 100381 100894 99870
bot 24 26 2q1yboxl 255765212 71866 52
owned 24 71866 71867 71868 71869 72381 71357 70845 70844 70843 70842 70841 70840 70839 70838 71350 71862 71863 71864 72376 72377 72889 72890 72891 72892 73403 73402 73401 73400 72888 72887 72375 72374 71351 70327 71352 70328 69816 69817 69818 69819 71353 70329 70330 70331 70332 72380 71356 72379 71355 71865 72378 71354
bot 25 27 uf1afynu 646231689 161215 52
owned 25 161215 161216 161217 161218 161730 160706 160194 160193 160192 160191 160190 160189 160188 160187 160699 161211 161212 161213 161725 161726 162238 162239 162240 162241 162752 162751 162750 162749 162237 162236 161724 161723 160700 159676 160701 159677 159165 159166 159167 159168 160702 159678 159679 159680 159681 161729 160705 161728 160704 161214 161727 160703
bot 26 28 hnp5jsyu 1554719380 159030 52
owned 26 159030 159031 159032 159033 159545 158521 158009 158008 158007 158006 158005 158004 158003 158002 158514 159026 159027 159028 159540 159541 160053 160054 160055 160056 160567 160566 160565 160564 160052 160051 159539 159538 158515 157491 158516 157492 156980 156981 156982 156983 158517 157493 157494 157495 157496 159544 158520 159543 158519 159029 159542 158518
bot 27 29 3ks2xdvj 2013378221 256926 52
owned 27 256926 256927 256928 256929 257441 256417 255905 255904 255903 255902 255901 255900 255899 255898 256410 256922 256923 256924 257436 257437 257949 257950 257951 257952 258463 258462 258461 258460 257948 257947 257435 257434 256411 255387 256412 255388 254876 254877 254878 254879 256413 255389 255390 255391 255392 257440 256416 257439 256415 256925 257438 256414
bot 28 30 6udu18l9 1164531456 47530 52
owned 28 47530 47531 47532 47533 48045 47021 46509 46508 46507 46506 46505 46504 46503 46502 47014 47526 47527 47528 48040 48041 48553 48554 48555 48556 49067 49066 49065 49064 48552 48551 48039 48038 47015 45991 47016 45992 45480 45481 45482 45483 47017 45993 45994 45995 45996 48044 47020 48043 47019 47529 48042 47018
bot 29 31 u9qkgxb0 358820289 154843 52
owned 29 154843 154844 154845 154846 155358 154334 153822 153821 153820 153819 153818 153817 153816 153815 154327 154839 154840 154841 155353 155354 155866 155867 155868 155869 156380 156379 156378 156377 155865 155864 155352 155351 154328 153304 154329 153305 152793 152794 152795 152796 154330 153306 153307 153308 153309 155357 154333 155356 154332 154842 155355 154331
bot 30 32 gxzvzcy1 2075804082 55630 52
owned 30 55630 55631 55632 55633 56145 55121 54609 54608 54607 54606 54605 54604 54603 54602 55114 55626 55627 55628 56140 56141 56653 56654 56655 56656 57167 57166 57165 57164 56652 56651 56139 56138 55115 54091 55116 54092 53580 53581 53582 53583 55117 54093 54094 54095 54096 56144 55120 56143 55119 55629 56142 55118
bot 31 33 soumc8lx 1964908793 254053 52
owned 31 254053 254054 254055 254056 254568 253544 253032 253031 253030 253029 253028 253027 253026 253025 253537 254049 254050 254051 254563 254564 255076 255077 255078 255079 255590 255589 255588 255587 255075 255074 254562 254561 253538 252514 253539 252515 252003 252004 252005 252006 253540 252516 252517 252518 252519 254567 253543 254566 253542 254052 254565 253541
bot 32 34 pbtdxhy8 -1952436939 123453 52
owned 32 123453 123454 123455 123456 123968 122944 122432 122431 122430 122429 122428 122427 122426 122425 122937 123449 123450 123451 123963 123964 124476 124477 124478 124479 124990 124989 124988 124987 124475 124474 123962 123961 122938 121914 122939 121915 121403 121404 121405 121406 122940 121916 121917 121918 121919 123967 122943 123966 122942 123452 123965 122941
bot 33 35 7qca320q 1722666588 42978 52
owned 33 42978 42979 42980 42981 43493 42469 41957 41956 41955 41954 41953 41952 41951 41950 42462 42974 42975 42976 43488 43489 44001 44002 44003 44004 44515 44514 44513 44512 44000 43999 43487 43486 42463 41439 42464 41440 40928 40929 40930 40931 42465 41441 41442 41443 41444 43492 42468 43491 42467 42977 43490 42466
bot 34 36 qu4dw13r 1935691025 192577 52
owned 34 192577 192578 192579 192580 193092 192068 191556 191555 191554 191553 191552 191551 191550 191549 192061 192573 192574 192575 193087 193088 193600 193601 193602 193603 194114 194113 194112 194111 193599 193598 193086 193085 192062 191038 192063 191039 190527 190528 190529 190530 192064 191040 191041 191042 191043 193091 192067 193090 192066 192576 193089 192065
bot 35 37 uf42rmom 603403740 53333 52
owned 35 53333 53334 53335 53336 53848 52824 52312 52311 52310 52309 52308 52307 52306 52305 52817 53329 53330 53331 53843 53844 54356 54357 54358 54359 54870 54869 54868 54867 54355 54354 53842 53841 52818 51794 52819 51795 51283 51284 51285 51286 52820 51796 51797 51798 51799 53847 52823 53846 52822 53332 53845 52821
bot 36 38 5pzo5nyp -1978938492 25584 52
owned 36 25584 25585 25586 25587 26099 25075 24563 24562 24561 24560 24559 24558 24557 24556 25068 25580 25581 25582 26094 26095 26607 26608 26609 26610 27121 27120 27119 27118 26606 26605 26093 26092 25069 24045 25070 24046 23534 23535 23536 23537 25071 24047 24048 24049 24050 26098 25074 26097 25073 25583 26096 25072
bot 37 39 lpeu6a40 1655789225 219137 34
owned 37 219137 219138 219139 219140 219652 218628 218116 218115 218114 218113 218112 218624 217600 217088 217089 217090 217601 217602 217603 219651 220163 220162 220161 220160 220672 219648 220673 220674 218627 219650 218626 219136 219649 218625
bot 38 40 m01qyq41 -1925929108 103482 52
owned 38 103482 103483 103484 103485 103997 102973 102461 102460 102459 102458 102457 102456 102455 102454 102966 103478 103479 103480 103992 103993 104505 104506 104507 104508 105019 105018 105017 105016 104504 104503 103991 103990 102967 101943 102968 101944 101432 101433 101434 101435 102969 101945 101946 101947 101948 103996 102972 103995 102971 103481 103994 102970
bot 39 41 qp5j7mcl 1825462711 193299 52
owned 39 193299 193300 193301 193302 193814 192790 192278 192277 192276 192275 192274 192273 192272 192271 192783 193295 193296 193297 193809 193810 194322 194323 194324 194325 194836 194835 194834 194833 194321 194320 193808 193807 192784 191760 192785 191761 191249 191250 191251 191252 192786 191762 191763 191764 191765 193813 192789 193812 192788 193298 193811 192787
bot 40 42 daoks386 1879256123 194425 52
owned 40 194425 194426 194427 194428 194940 193916 193404 193403 193402 193401 193400 193399 193398 193397 193909 194421 194422 194423 194935 194936 195448 195449 195450 195451 195962 195961 195960 195959 195447 195446 194934 194933 193910 192886 193911 192887 192375 192376 192377 192378 193912 192888 192889 192890 192891 194939 193915 194938 193914 194424 194937 193913
bot 41 43 1adrc0if 1860141724 39033 52
owned 41 39033 39034 39035 39036 39548 38524 38012 38011 38010 38009 38008 38007 38006 38005 38517 39029 39030 39031 39543 39544 40056 40057 40058 40059 40570 40569 40568 40567 40055 40054 39542 39541 38518 37494 38519 37495 36983 36984 36985 36986 38520 37496 37497 37498 37499 39547 38523 39546 38522 39032 39545 38521
bot 42 44 z2sjy7tl 1824294623 49712 52
owned 42 49712 49713 49714 49715 50227 49203 48691 48690 48689 48688 48687 48686 48685 48684 49196 49708 49709 49710 50222 50223 50735 50736 50737 50738 51249 51248 51247 51246 50734 50733 50221 50220 49197 48173 49198 48174 47662 47663 47664 47665 49199 48175 48176 48177 48178 50226 49202 50225 49201 49711 50224 49200
bot 43 45 2a2pcqq2 1550573320 69613 52
owned 43 69613 69614 69615 69616 70128 69104 68592 68591 68590 68589 68588 68587 68586 68585 69097 69609 69610 69611 70123 70124 70636 70637 70638 70639 71150 71149 71148 71147 70635 70634 70122 70121 69098 68074 69099 68075 67563 67564 67565 67566 69100 68076 68077 68078 68079 70127 69103 70126 69102 69612 70125 69101
bot 44 46 965x3zic 1651901379 240126 42
owned 44 240126 240127 240639 241151 241150 241149 241148 241147 240635 240634 240122 239610 239611 239612 239613 239101 239102 239103 238591 238079 238078 238077 238076 238588 238587 238590 238589 240124 239100 239099 239098 240123 241660 240636 241661 240637 241662 241663 239615 240125 240638 239614
bot 45 47 yytwuuvv 643310337 167653 52
owned 45 167653 167654 167655 167656 168168 167144 166632 166631 166630 166629 166628 166627 166626 166625 167137 167649 167650 167651 168163 168164 168676 168677 168678 168679 169190 169189 169188 169187 168675 168674 168162 168161 167138 166114 167139 166115 165603 165604 165605 165606 167140 166116 166117 166118 166119 168167 167143 168166 167142 167652 168165 167141
bot 46 48 0bq4zvkx -1953292478 150286 52
owned 46 150286 150287 150288 150289 150801 149777 149265 149264 149263 149262 149261 149260 149259 149258 149770 150282 150283 150284 150796 150797 151309 151310 151311 151312 151823 151822 151821 151820 151308 151307 150795 150794 149771 148747 149772 148748 148236 148237 148238 148239 149773 148749 148750 148751 148752 150800 149776 150799 149775 150285 150798 149774
bot 47 49 fqo7elia -1958284618 184418 52
owned 47 184418 184419 184420 184421 184933 183909 183397 183396 183395 183394 183393 183392 183391 183390 183902 184414 184415 184416 184928 184929 185441 185442 185443 185444 185955 185954 185953 185952 185440 185439 184927 184926 183903 182879 183904 182880 182368 182369 182370 182371 183905 182881 182882 182883 182884 184932 183908 184931 183907 184417 184930 183906
bot 48 50 xb2eodru 1511238585 221398 52
owned 48 221398 221399 221400 221401 221913 220889 220377 220376 220375 220374 220373 220372 220371 220370 220882 221394 221395 221396 221908 221909 222421 222422 222423 222424 222935 222934 222933 222932 222420 222419 221907 221906 220883 219859 220884 219860 219348 219349 219350 219351 220885 219861 219862 219863 219864 221912 220888 221911 220887 221397 221910 220886
bot 49 51 dn2a1fmz 1672109513 93814 52
owned 49 93814 93815 93816 93817 94329 93305 92793 92792 92791 92790 92789 92788 92787 92786 93298 93810 93811 93812 94324 94325 94837 94838 94839 94840 95351 95350 95349 95348 94836 94835 94323 94322 93299 92275 93300 92276 91764 91765 91766 91767 93301 92277 92278 92279 92280 94328 93304 94327 93303 93813 94326 93302
bot 50 52 c657fqi1 1526829564 233990 52
owned 50 233990 233991 233992 233993 234505 233481 232969 232968 232967 232966 232965 232964 232963 232962 233474 233986 233987 233988 234500 234501 235013 235014 235015 235016 235527 235526 235525 235524 235012 235011 234499 234498 233475 232451 233476 232452 231940 231941 231942 231943 233477 232453 232454 232455 232456 234504 233480 234503 233479 233989 234502 233478
bot 51 53 3oa0wbik 1465915324 254930 52
owned 51 254930 254931 254932 254933 255445 254421 253909 253908 253907 253906 253905 253904 253903 253902 254414 254926 254927 254928 255440 255441 255953 255954 255955 255956 256467 256466 256465 256464 255952 255951 255439 255438 254415 253391 254416 253392 252880 252881 252882 252883 254417 253393 253394 253395 253396 255444 254420 255443 254419 254929 255442 254418
bot 52 54 bbor86ta 1160631798 143358 42
owned 52 143358 143359 143871 144383 144382 144381 144380 144379 143867 143866 143354 142842 142843 142844 142845 142333 142334 142335 141823 141311 141310 141309 141308 141820 141819 141822 141821 143356 142332 142331 142330 143355 144892 143868 144893 143869 144894 144895 142847 143357 143870 142846
bot 53 55 ke481hq3 1735541677 244816 52
owned 53 244816 244817 244818 244819 245331 244307 243795 243794 243793 243792 243791 243790 243789 243788 244300 244812 244813 244814 245326 245327 245839 245840 245841 245842 246353 246352 246351 246350 245838 245837 245325 245324 244301 243277 244302 243278 242766 242767 242768 242769 244303 243279 243280 243281 243282 245330 244306 245329 244305 244815 245328 244304
bot 54 56 1p7me35b 2016093044 116758 52
owned 54 116758 116759 116760 116761 117273 116249 115737 115736 115735 115734 115733 115732 115731 115730 116242 116754 116755 116756 117268 117269 117781 117782 117783 117784 118295 118294 118293 118292 117780 117779 117267 117266 116243 115219 116244 115220 114708 114709 114710 114711 116245 115221 115222 115223 115224 117272 116248 117271 116247 116757 117270 116246
bot 55 57 ros1fefm 336921379 94031 52
owned 55 94031 94032 94033 94034 94546 93522 93010 93009 93008 93007 93006 93005 93004 93003 93515 94027 94028 94029 94541 94542 95054 95055 95056 95057 95568 95567 95566 95565 95053 95052 94540 94539 93516 92492 93517 92493 91981 91982 91983 91984 93518 92494 92495 92496 92497 94545 93521 94544 93520 94030 94543 93519
bot 56 58 bbj4439d 1361159728 66067 52
owned 56 66067 66068 66069 66070 66582 65558 65046 65045 65044 65043 65042 65041 65040 65039 65551 66063 66064 66065 66577 66578 67090 67091 67092 67093 67604 67603 67602 67601 67089 67088 66576 66575 65552 64528 65553 64529 64017 64018 64019 64020 65554 64530 64531 64532 64533 66581 65557 66580 65556 66066 66579 65555
bot 57 59 50euwmgf 756661700 56490 52
owned 57 56490 56491 56492 56493 57005 55981 55469 55468 55467 55466 55465 55464 55463 55462 55974 56486 56487 56488 57000 57001 57513 57514 57515 57516 58027 58026 58025 58024 57512 57511 56999 56998 55975 54951 55976 54952 54440 54441 54442 54443 55977 54953 54954 54955 54956 57004 55980 57003 55979 56489 57002 55978
bot 58 60 6ifrrqwg 1573288274 178458 52
owned 58 178458 178459 178460 178461 178973 177949 177437 177436 177435 177434 177433 177432 177431 177430 177942 178454 178455 178456 178968 178969 179481 179482 179483 179484 179995 179994 179993 179992 179480 179479 178967 178966 177943 176919 177944 176920 176408 176409 176410 176411 177945 176921 176922 176923 176924 178972 177948 178971 177947 178457 178970 177946
bot 59 61 t3qojvzx 1884704811 152071 52
owned 59 152071 152072 152073 152074 152586 151562 151050 151049 151048 151047 151046 151045 151044 151043 151555 152067 152068 152069 152581 152582 153094 153095 153096 153097 153608 153607 153606 153605 153093 153092 152580 152579 151556 150532 151557 150533 150021 150022 150023 150024 151558 150534 150535 150536 150537 152585 151561 152584 151560 152070 152583 151559
bot 60 62 e39s2b1x 535357285 45413 52
owned 60 45413 45414 45415 45416 45928 44904 44392 44391 44390 44389 44388 44387 44386 44385 44897 45409 45410 45411 45923 45924 46436 46437 46438 46439 46950 46949 46948 46947 46435 46434 45922 45921 44898 43874 44899 43875 43363 43364 43365 43366 44900 43876 43877 43878 43879 45927 44903 45926 44902 45412 45925 44901
bot 61 63 8elalp3o 1664787462 250805 52
owned 61 250805 250806 250807 250808 251320 250296 249784 249783 249782 249781 249780 249779 249778 249777 250289 250801 250802 250803 251315 251316 251828 251829 251830 251831 252342 252341 252340 252339 251827 251826 251314 251313 250290 249266 250291 249267 248755 248756 248757 248758 250292 249268 249269 249270 249271 251319 250295 251318 250294 250804 251317 250293
bot 62 64 drzdgt29 351372376 217988 52
owned 62 217988 217989 217990 217991 218503 217479 216967 216966 216965 216964 216963 216962 216961 216960 217472 217984 217985 217986 218498 218499 219011 219012 219013 219014 219525 219524 219523 219522 219010 219009 218497 218496 217473 216449 217474 216450 215938 215939 215940 215941 217475 216451 216452 216453 216454 218502 217478 218501 217477 217987 218500 217476
bot 63 65 a5l13l40 409032466 253610 52
owned 63 253610 253611 253612 253613 254125 253101 252589 252588 252587 252586 252585 252584 252583 252582 253094 253606 253607 253608 254120 254121 254633 254634 254635 254636 255147 255146 255145 255144 254632 254631 254119 254118 253095 252071 253096 252072 251560 251561 251562 251563 253097 252073 252074 252075 252076 254124 253100 254123 253099 253609 254122 253098
