# ofcuda_prng initial-state v1 (port spawn/initial state; engine-bit-exact)
# source reference /opt/data/workspaces/skg/ofcuda_matrix/out/matrix/refs/onion_a7_nat0.spawn.txt
map onion
seed parity
game_id QqkIuyke
game_hash 223241348
agents 7
nations 0
human_agents 1
width 512
height 512
min_dist 30
player 1 H nd8079oo -1 0 0
player 2 B 7kmb47oc 27778 1 52
player 3 B su965kfe 61062 1 52
player 4 B 4918e5rs 207925 1 52
player 5 B 0grah7qg 112589 1 52
player 6 B 79lbhuod 7747 1 52
player 7 B 0eay8wsu 185078 1 52
player 8 B l4g4juu8 131680 1 52
bot 0 2 7kmb47oc 979863364 27778 52
owned 0 27778 27779 27780 27781 28293 27269 26757 26756 26755 26754 26753 26752 26751 26750 27262 27774 27775 27776 28288 28289 28801 28802 28803 28804 29315 29314 29313 29312 28800 28799 28287 28286 27263 26239 27264 26240 25728 25729 25730 25731 27265 26241 26242 26243 26244 28292 27268 28291 27267 27777 28290 27266
bot 1 3 su965kfe 1225099288 61062 52
owned 1 61062 61063 61064 61065 61577 60553 60041 60040 60039 60038 60037 60036 60035 60034 60546 61058 61059 61060 61572 61573 62085 62086 62087 62088 62599 62598 62597 62596 62084 62083 61571 61570 60547 59523 60548 59524 59012 59013 59014 59015 60549 59525 59526 59527 59528 61576 60552 61575 60551 61061 61574 60550
bot 2 4 4918e5rs 1160776865 207925 52
owned 2 207925 207926 207927 207928 208440 207416 206904 206903 206902 206901 206900 206899 206898 206897 207409 207921 207922 207923 208435 208436 208948 208949 208950 208951 209462 209461 209460 209459 208947 208946 208434 208433 207410 206386 207411 206387 205875 205876 205877 205878 207412 206388 206389 206390 206391 208439 207415 208438 207414 207924 208437 207413
bot 3 5 0grah7qg -2107334215 112589 52
owned 3 112589 112590 112591 112592 113104 112080 111568 111567 111566 111565 111564 111563 111562 111561 112073 112585 112586 112587 113099 113100 113612 113613 113614 113615 114126 114125 114124 114123 113611 113610 113098 113097 112074 111050 112075 111051 110539 110540 110541 110542 112076 111052 111053 111054 111055 113103 112079 113102 112078 112588 113101 112077
bot 4 6 79lbhuod 919150858 7747 52
owned 4 7747 7748 7749 7750 8262 7238 6726 6725 6724 6723 6722 6721 6720 6719 7231 7743 7744 7745 8257 8258 8770 8771 8772 8773 9284 9283 9282 9281 8769 8768 8256 8255 7232 6208 7233 6209 5697 5698 5699 5700 7234 6210 6211 6212 6213 8261 7237 8260 7236 7746 8259 7235
bot 5 7 0eay8wsu 312910098 185078 52
owned 5 185078 185079 185080 185081 185593 184569 184057 184056 184055 184054 184053 184052 184051 184050 184562 185074 185075 185076 185588 185589 186101 186102 186103 186104 186615 186614 186613 186612 186100 186099 185587 185586 184563 183539 184564 183540 183028 183029 183030 183031 184565 183541 183542 183543 183544 185592 184568 185591 184567 185077 185590 184566
bot 6 8 l4g4juu8 1373847271 131680 52
owned 6 131680 131681 131682 131683 132195 131171 130659 130658 130657 130656 130655 130654 130653 130652 131164 131676 131677 131678 132190 132191 132703 132704 132705 132706 133217 133216 133215 133214 132702 132701 132189 132188 131165 130141 131166 130142 129630 129631 129632 129633 131167 130143 130144 130145 130146 132194 131170 132193 131169 131679 132192 131168
