# ofcuda_prng initial-state v1 (port spawn/initial state; engine-bit-exact)
# source reference /opt/data/workspaces/skg/ofcuda_matrix/out/matrix/refs/onion_a18_nat0.spawn.txt
map onion
seed parity
game_id QqkIuyke
game_hash 223241348
agents 18
nations 0
human_agents 1
width 512
height 512
min_dist 30
player 1 H nd8079oo -1 0 0
player 2 B 7kmb47oc 27778 1 52
player 3 B su965kfe 61062 1 52
player 4 B 4918e5rs 207925 1 52
player 5 B 0grah7qg 112589 1 52
player 6 B 79lbhuod 7747 1 52
player 7 B 0eay8wsu 185078 1 52
player 8 B l4g4juu8 131680 1 52
player 9 B gsw4n5km 220653 1 52
player 10 B ooz4f963 227805 1 52
player 11 B g49bog52 82831 1 52
player 12 B vl3arc4y 122481 1 52
player 13 B 26spmsu2 25478 1 52
player 14 B 666fmd2f 74078 1 52
player 15 B vybu8oes 59181 1 52
player 16 B tlx2iciq 33373 1 52
player 17 B 8i7cuo9t 153772 1 52
player 18 B ay8xa67r 177159 1 52
player 19 B fha1xhrw 92099 1 52
bot 0 2 7kmb47oc 979863364 27778 52
owned 0 27778 27779 27780 27781 28293 27269 26757 26756 26755 26754 26753 26752 26751 26750 27262 27774 27775 27776 28288 28289 28801 28802 28803 28804 29315 29314 29313 29312 28800 28799 28287 28286 27263 26239 27264 26240 25728 25729 25730 25731 27265 26241 26242 26243 26244 28292 27268 28291 27267 27777 28290 27266
bot 1 3 su965kfe 1225099288 61062 52
owned 1 61062 61063 61064 61065 61577 60553 60041 60040 60039 60038 60037 60036 60035 60034 60546 61058 61059 61060 61572 61573 62085 62086 62087 62088 62599 62598 62597 62596 62084 62083 61571 61570 60547 59523 60548 59524 59012 59013 59014 59015 60549 59525 59526 59527 59528 61576 60552 61575 60551 61061 61574 60550
bot 2 4 4918e5rs 1160776865 207925 52
owned 2 207925 207926 207927 207928 208440 207416 206904 206903 206902 206901 206900 206899 206898 206897 207409 207921 207922 207923 208435 208436 208948 208949 208950 208951 209462 209461 209460 209459 208947 208946 208434 208433 207410 206386 207411 206387 205875 205876 205877 205878 207412 206388 206389 206390 206391 208439 207415 208438 207414 207924 208437 207413
bot 3 5 0grah7qg -2107334215 112589 52
owned 3 112589 112590 112591 112592 113104 112080 111568 111567 111566 111565 111564 111563 111562 111561 112073 112585 112586 112587 113099 113100 113612 113613 113614 113615 114126 114125 114124 114123 113611 113610 113098 113097 112074 111050 112075 111051 110539 110540 110541 110542 112076 111052 111053 111054 111055 113103 112079 113102 112078 112588 113101 112077
bot 4 6 79lbhuod 919150858 7747 52
owned 4 7747 7748 7749 7750 8262 7238 6726 6725 6724 6723 6722 6721 6720 6719 7231 7743 7744 7745 8257 8258 8770 8771 8772 8773 9284 9283 9282 9281 8769 8768 8256 8255 7232 6208 7233 6209 5697 5698 5699 5700 7234 6210 6211 6212 6213 8261 7237 8260 7236 7746 8259 7235
bot 5 7 0eay8wsu 312910098 185078 52
owned 5 185078 185079 185080 185081 185593 184569 184057 184056 184055 184054 184053 184052 184051 184050 184562 185074 185075 185076 185588 185589 186101 186102 186103 186104 186615 186614 186613 186612 186100 186099 185587 185586 184563 183539 184564 183540 183028 183029 183030 183031 184565 183541 183542 183543 183544 185592 184568 185591 184567 185077 185590 184566
bot 6 8 l4g4juu8 1373847271 131680 52
owned 6 131680 131681 131682 131683 132195 131171 130659 130658 130657 130656 130655 130654 130653 130652 131164 131676 131677 131678 132190 132191 132703 132704 132705 132706 133217 133216 133215 133214 132702 132701 132189 132188 131165 130141 131166 130142 129630 129631 129632 129633 131167 130143 130144 130145 130146 132194 131170 132193 131169 131679 132192 131168
bot 7 9 gsw4n5km 1786011062 220653 52
owned 7 220653 220654 220655 220656 221168 220144 219632 219631 219630 219629 219628 219627 219626 219625 220137 220649 220650 220651 221163 221164 221676 221677 221678 221679 222190 222189 222188 222187 221675 221674 221162 221161 220138 219114 220139 219115 218603 218604 218605 218606 220140 219116 219117 219118 219119 221167 220143 221166 220142 220652 221165 220141
bot 8 10 ooz4f963 1067254298 227805 52
owned 8 227805 227806 227807 227808 228320 227296 226784 226783 226782 226781 226780 226779 226778 226777 227289 227801 227802 227803 228315 228316 228828 228829 228830 228831 229342 229341 229340 229339 228827 228826 228314 228313 227290 226266 227291 226267 225755 225756 225757 225758 227292 226268 226269 226270 226271 228319 227295 228318 227294 227804 228317 227293
bot 9 11 g49bog52 471077977 82831 52
owned 9 82831 82832 82833 82834 83346 82322 81810 81809 81808 81807 81806 81805 81804 81803 82315 82827 82828 82829 83341 83342 83854 83855 83856 83857 84368 84367 84366 84365 83853 83852 83340 83339 82316 81292 82317 81293 80781 80782 80783 80784 82318 81294 81295 81296 81297 83345 82321 83344 82320 82830 83343 82319
bot 10 12 vl3arc4y 2110741002 122481 52
owned 10 122481 122482 122483 122484 122996 121972 121460 121459 121458 121457 121456 121455 121454 121453 121965 122477 122478 122479 122991 122992 123504 123505 123506 123507 124018 124017 124016 124015 123503 123502 122990 122989 121966 120942 121967 120943 120431 120432 120433 120434 121968 120944 120945 120946 120947 122995 121971 122994 121970 122480 122993 121969
bot 11 13 26spmsu2 1249151528 25478 52
owned 11 25478 25479 25480 25481 25993 24969 24457 24456 24455 24454 24453 24452 24451 24450 24962 25474 25475 25476 25988 25989 26501 26502 26503 26504 27015 27014 27013 27012 26500 26499 25987 25986 24963 23939 24964 23940 23428 23429 23430 23431 24965 23941 23942 23943 23944 25992 24968 25991 24967 25477 25990 24966
bot 12 14 666fmd2f -2125171585 74078 52
owned 12 74078 74079 74080 74081 74593 73569 73057 73056 73055 73054 73053 73052 73051 73050 73562 74074 74075 74076 74588 74589 75101 75102 75103 75104 75615 75614 75613 75612 75100 75099 74587 74586 73563 72539 73564 72540 72028 72029 72030 72031 73565 72541 72542 72543 72544 74592 73568 74591 73567 74077 74590 73566
bot 13 15 vybu8oes 2095769353 59181 52
owned 13 59181 59182 59183 59184 59696 58672 58160 58159 58158 58157 58156 58155 58154 58153 58665 59177 59178 59179 59691 59692 60204 60205 60206 60207 60718 60717 60716 60715 60203 60202 59690 59689 58666 57642 58667 57643 57131 57132 57133 57134 58668 57644 57645 57646 57647 59695 58671 59694 58670 59180 59693 58669
bot 14 16 tlx2iciq 1076827768 33373 52
owned 14 33373 33374 33375 33376 33888 32864 32352 32351 32350 32349 32348 32347 32346 32345 32857 33369 33370 33371 33883 33884 34396 34397 34398 34399 34910 34909 34908 34907 34395 34394 33882 33881 32858 31834 32859 31835 31323 31324 31325 31326 32860 31836 31837 31838 31839 33887 32863 33886 32862 33372 33885 32861
bot 15 17 8i7cuo9t 1041878418 153772 52
owned 15 153772 153773 153774 153775 154287 153263 152751 152750 152749 152748 152747 152746 152745 152744 153256 153768 153769 153770 154282 154283 154795 154796 154797 154798 155309 155308 155307 155306 154794 154793 154281 154280 153257 152233 153258 152234 151722 151723 151724 151725 153259 152235 152236 152237 152238 154286 153262 154285 153261 153771 154284 153260
bot 16 18 ay8xa67r 1238569276 177159 52
owned 16 177159 177160 177161 177162 177674 176650 176138 176137 176136 176135 176134 176133 176132 176131 176643 177155 177156 177157 177669 177670 178182 178183 178184 178185 178696 178695 178694 178693 178181 178180 177668 177667 176644 175620 176645 175621 175109 175110 175111 175112 176646 175622 175623 175624 175625 177673 176649 177672 176648 177158 177671 176647
bot 17 19 fha1xhrw -2086814691 92099 52
owned 17 92099 92100 92101 92102 92614 91590 91078 91077 91076 91075 91074 91073 91072 91071 91583 92095 92096 92097 92609 92610 93122 93123 93124 93125 93636 93635 93634 93633 93121 93120 92608 92607 91584 90560 91585 90561 90049 90050 90051 90052 91586 90562 90563 90564 90565 92613 91589 92612 91588 92098 92611 91587
