# ofcuda_prng initial-state v1 (port spawn/initial state; engine-bit-exact)
# source reference /opt/data/workspaces/skg/ofcuda_matrix/out/matrix/refs/pangaea_a18_nat0.spawn.txt
map pangaea
seed parity
game_id QqkIuyke
game_hash 223241348
agents 18
nations 0
human_agents 1
width 1000
height 1000
min_dist 30
player 1 H nd8079oo -1 0 0
player 2 B 7kmb47oc 107254 1 52
player 3 B su965kfe 334545 1 52
player 4 B 4918e5rs 767276 1 52
player 5 B 0grah7qg 298498 1 52
player 6 B 79lbhuod 271614 1 52
player 7 B 0eay8wsu 705481 1 52
player 8 B l4g4juu8 944611 1 52
player 9 B gsw4n5km 89583 1 52
player 10 B ooz4f963 896690 1 52
player 11 B g49bog52 331181 1 52
player 12 B vl3arc4y 468222 1 52
player 13 B 26spmsu2 876730 1 52
player 14 B 666fmd2f 281683 1 52
player 15 B vybu8oes 224588 1 52
player 16 B tlx2iciq 365649 1 52
player 17 B 8i7cuo9t 384665 1 52
player 18 B ay8xa67r 622435 1 52
player 19 B fha1xhrw 384416 1 52
bot 0 2 7kmb47oc 979863364 107254 52
owned 0 107254 107255 107256 107257 108257 106257 105257 105256 105255 105254 105253 105252 105251 105250 106250 107250 107251 107252 108252 108253 109253 109254 109255 109256 110255 110254 110253 110252 109252 109251 108251 108250 106251 104251 106252 104252 103252 103253 103254 103255 106253 104253 104254 104255 104256 108256 106256 108255 106255 107253 108254 106254
bot 1 3 su965kfe 1225099288 334545 52
owned 1 334545 334546 334547 334548 335548 333548 332548 332547 332546 332545 332544 332543 332542 332541 333541 334541 334542 334543 335543 335544 336544 336545 336546 336547 337546 337545 337544 337543 336543 336542 335542 335541 333542 331542 333543 331543 330543 330544 330545 330546 333544 331544 331545 331546 331547 335547 333547 335546 333546 334544 335545 333545
bot 2 4 4918e5rs 1160776865 767276 52
owned 2 767276 767277 767278 767279 768279 766279 765279 765278 765277 765276 765275 765274 765273 765272 766272 767272 767273 767274 768274 768275 769275 769276 769277 769278 770277 770276 770275 770274 769274 769273 768273 768272 766273 764273 766274 764274 763274 763275 763276 763277 766275 764275 764276 764277 764278 768278 766278 768277 766277 767275 768276 766276
bot 3 5 0grah7qg -2107334215 298498 52
owned 3 298498 298499 298500 298501 299501 297501 296501 296500 296499 296498 296497 296496 296495 296494 297494 298494 298495 298496 299496 299497 300497 300498 300499 300500 301499 301498 301497 301496 300496 300495 299495 299494 297495 295495 297496 295496 294496 294497 294498 294499 297497 295497 295498 295499 295500 299500 297500 299499 297499 298497 299498 297498
bot 4 6 79lbhuod 919150858 271614 52
owned 4 271614 271615 271616 271617 272617 270617 269617 269616 269615 269614 269613 269612 269611 269610 270610 271610 271611 271612 272612 272613 273613 273614 273615 273616 274615 274614 274613 274612 273612 273611 272611 272610 270611 268611 270612 268612 267612 267613 267614 267615 270613 268613 268614 268615 268616 272616 270616 272615 270615 271613 272614 270614
bot 5 7 0eay8wsu 312910098 705481 52
owned 5 705481 705482 705483 705484 706484 704484 703484 703483 703482 703481 703480 703479 703478 703477 704477 705477 705478 705479 706479 706480 707480 707481 707482 707483 708482 708481 708480 708479 707479 707478 706478 706477 704478 702478 704479 702479 701479 701480 701481 701482 704480 702480 702481 702482 702483 706483 704483 706482 704482 705480 706481 704481
bot 6 8 l4g4juu8 1373847271 944611 52
owned 6 944611 944612 944613 944614 945614 943614 942614 942613 942612 942611 942610 942609 942608 942607 943607 944607 944608 944609 945609 945610 946610 946611 946612 946613 947612 947611 947610 947609 946609 946608 945608 945607 943608 941608 943609 941609 940609 940610 940611 940612 943610 941610 941611 941612 941613 945613 943613 945612 943612 944610 945611 943611
bot 7 9 gsw4n5km 1786011062 89583 52
owned 7 89583 89584 89585 89586 90586 88586 87586 87585 87584 87583 87582 87581 87580 87579 88579 89579 89580 89581 90581 90582 91582 91583 91584 91585 92584 92583 92582 92581 91581 91580 90580 90579 88580 86580 88581 86581 85581 85582 85583 85584 88582 86582 86583 86584 86585 90585 88585 90584 88584 89582 90583 88583
bot 8 10 ooz4f963 1067254298 896690 52
owned 8 896690 896691 896692 896693 897693 895693 894693 894692 894691 894690 894689 894688 894687 894686 895686 896686 896687 896688 897688 897689 898689 898690 898691 898692 899691 899690 899689 899688 898688 898687 897687 897686 895687 893687 895688 893688 892688 892689 892690 892691 895689 893689 893690 893691 893692 897692 895692 897691 895691 896689 897690 895690
bot 9 11 g49bog52 471077977 331181 52
owned 9 331181 331182 331183 331184 332184 330184 329184 329183 329182 329181 329180 329179 329178 329177 330177 331177 331178 331179 332179 332180 333180 333181 333182 333183 334182 334181 334180 334179 333179 333178 332178 332177 330178 328178 330179 328179 327179 327180 327181 327182 330180 328180 328181 328182 328183 332183 330183 332182 330182 331180 332181 330181
bot 10 12 vl3arc4y 2110741002 468222 52
owned 10 468222 468223 468224 468225 469225 467225 466225 466224 466223 466222 466221 466220 466219 466218 467218 468218 468219 468220 469220 469221 470221 470222 470223 470224 471223 471222 471221 471220 470220 470219 469219 469218 467219 465219 467220 465220 464220 464221 464222 464223 467221 465221 465222 465223 465224 469224 467224 469223 467223 468221 469222 467222
bot 11 13 26spmsu2 1249151528 876730 52
owned 11 876730 876731 876732 876733 877733 875733 874733 874732 874731 874730 874729 874728 874727 874726 875726 876726 876727 876728 877728 877729 878729 878730 878731 878732 879731 879730 879729 879728 878728 878727 877727 877726 875727 873727 875728 873728 872728 872729 872730 872731 875729 873729 873730 873731 873732 877732 875732 877731 875731 876729 877730 875730
bot 12 14 666fmd2f -2125171585 281683 52
owned 12 281683 281684 281685 281686 282686 280686 279686 279685 279684 279683 279682 279681 279680 279679 280679 281679 281680 281681 282681 282682 283682 283683 283684 283685 284684 284683 284682 284681 283681 283680 282680 282679 280680 278680 280681 278681 277681 277682 277683 277684 280682 278682 278683 278684 278685 282685 280685 282684 280684 281682 282683 280683
bot 13 15 vybu8oes 2095769353 224588 52
owned 13 224588 224589 224590 224591 225591 223591 222591 222590 222589 222588 222587 222586 222585 222584 223584 224584 224585 224586 225586 225587 226587 226588 226589 226590 227589 227588 227587 227586 226586 226585 225585 225584 223585 221585 223586 221586 220586 220587 220588 220589 223587 221587 221588 221589 221590 225590 223590 225589 223589 224587 225588 223588
bot 14 16 tlx2iciq 1076827768 365649 52
owned 14 365649 365650 365651 365652 366652 364652 363652 363651 363650 363649 363648 363647 363646 363645 364645 365645 365646 365647 366647 366648 367648 367649 367650 367651 368650 368649 368648 368647 367647 367646 366646 366645 364646 362646 364647 362647 361647 361648 361649 361650 364648 362648 362649 362650 362651 366651 364651 366650 364650 365648 366649 364649
bot 15 17 8i7cuo9t 1041878418 384665 52
owned 15 384665 384666 384667 384668 385668 383668 382668 382667 382666 382665 382664 382663 382662 382661 383661 384661 384662 384663 385663 385664 386664 386665 386666 386667 387666 387665 387664 387663 386663 386662 385662 385661 383662 381662 383663 381663 380663 380664 380665 380666 383664 381664 381665 381666 381667 385667 383667 385666 383666 384664 385665 383665
bot 16 18 ay8xa67r 1238569276 622435 52
owned 16 622435 622436 622437 622438 623438 621438 620438 620437 620436 620435 620434 620433 620432 620431 621431 622431 622432 622433 623433 623434 624434 624435 624436 624437 625436 625435 625434 625433 624433 624432 623432 623431 621432 619432 621433 619433 618433 618434 618435 618436 621434 619434 619435 619436 619437 623437 621437 623436 621436 622434 623435 621435
bot 17 19 fha1xhrw -2086814691 384416 52
owned 17 384416 384417 384418 384419 385419 383419 382419 382418 382417 382416 382415 382414 382413 382412 383412 384412 384413 384414 385414 385415 386415 386416 386417 386418 387417 387416 387415 387414 386414 386413 385413 385412 383413 381413 383414 381414 380414 380415 380416 380417 383415 381415 381416 381417 381418 385418 383418 385417 383417 384415 385416 383416
