# ofcuda_prng initial-state v1 (port spawn/initial state; engine-bit-exact)
# source reference /opt/data/workspaces/skg/ofcuda_matrix/out/matrix/refs/pangaea_a7_nat0.spawn.txt
map pangaea
seed parity
game_id QqkIuyke
game_hash 223241348
agents 7
nations 0
human_agents 1
width 1000
height 1000
min_dist 30
player 1 H nd8079oo -1 0 0
player 2 B 7kmb47oc 107254 1 52
player 3 B su965kfe 334545 1 52
player 4 B 4918e5rs 767276 1 52
player 5 B 0grah7qg 298498 1 52
player 6 B 79lbhuod 271614 1 52
player 7 B 0eay8wsu 705481 1 52
player 8 B l4g4juu8 944611 1 52
bot 0 2 7kmb47oc 979863364 107254 52
owned 0 107254 107255 107256 107257 108257 106257 105257 105256 105255 105254 105253 105252 105251 105250 106250 107250 107251 107252 108252 108253 109253 109254 109255 109256 110255 110254 110253 110252 109252 109251 108251 108250 106251 104251 106252 104252 103252 103253 103254 103255 106253 104253 104254 104255 104256 108256 106256 108255 106255 107253 108254 106254
bot 1 3 su965kfe 1225099288 334545 52
owned 1 334545 334546 334547 334548 335548 333548 332548 332547 332546 332545 332544 332543 332542 332541 333541 334541 334542 334543 335543 335544 336544 336545 336546 336547 337546 337545 337544 337543 336543 336542 335542 335541 333542 331542 333543 331543 330543 330544 330545 330546 333544 331544 331545 331546 331547 335547 333547 335546 333546 334544 335545 333545
bot 2 4 4918e5rs 1160776865 767276 52
owned 2 767276 767277 767278 767279 768279 766279 765279 765278 765277 765276 765275 765274 765273 765272 766272 767272 767273 767274 768274 768275 769275 769276 769277 769278 770277 770276 770275 770274 769274 769273 768273 768272 766273 764273 766274 764274 763274 763275 763276 763277 766275 764275 764276 764277 764278 768278 766278 768277 766277 767275 768276 766276
bot 3 5 0grah7qg -2107334215 298498 52
owned 3 298498 298499 298500 298501 299501 297501 296501 296500 296499 296498 296497 296496 296495 296494 297494 298494 298495 298496 299496 299497 300497 300498 300499 300500 301499 301498 301497 301496 300496 300495 299495 299494 297495 295495 297496 295496 294496 294497 294498 294499 297497 295497 295498 295499 295500 299500 297500 299499 297499 298497 299498 297498
bot 4 6 79lbhuod 919150858 271614 52
owned 4 271614 271615 271616 271617 272617 270617 269617 269616 269615 269614 269613 269612 269611 269610 270610 271610 271611 271612 272612 272613 273613 273614 273615 273616 274615 274614 274613 274612 273612 273611 272611 272610 270611 268611 270612 268612 267612 267613 267614 267615 270613 268613 268614 268615 268616 272616 270616 272615 270615 271613 272614 270614
bot 5 7 0eay8wsu 312910098 705481 52
owned 5 705481 705482 705483 705484 706484 704484 703484 703483 703482 703481 703480 703479 703478 703477 704477 705477 705478 705479 706479 706480 707480 707481 707482 707483 708482 708481 708480 708479 707479 707478 706478 706477 704478 702478 704479 702479 701479 701480 701481 701482 704480 702480 702481 702482 702483 706483 704483 706482 704482 705480 706481 704481
bot 6 8 l4g4juu8 1373847271 944611 52
owned 6 944611 944612 944613 944614 945614 943614 942614 942613 942612 942611 942610 942609 942608 942607 943607 944607 944608 944609 945609 945610 946610 946611 946612 946613 947612 947611 947610 947609 946609 946608 945608 945607 943608 941608 943609 941609 940609 940610 940611 940612 943610 941610 941611 941612 941613 945613 943613 945612 943612 944610 945611 943611
