# ofcuda_prng initial-state v1 (port spawn/initial state; engine-bit-exact)
# source reference /opt/data/workspaces/skg/ofcuda_matrix/out/matrix/refs/pangaea_a2_nat0.spawn.txt
map pangaea
seed parity
game_id QqkIuyke
game_hash 223241348
agents 2
nations 0
human_agents 1
width 1000
height 1000
min_dist 30
player 1 H nd8079oo -1 0 0
player 2 B 7kmb47oc 107254 1 52
player 3 B su965kfe 334545 1 52
bot 0 2 7kmb47oc 979863364 107254 52
owned 0 107254 107255 107256 107257 108257 106257 105257 105256 105255 105254 105253 105252 105251 105250 106250 107250 107251 107252 108252 108253 109253 109254 109255 109256 110255 110254 110253 110252 109252 109251 108251 108250 106251 104251 106252 104252 103252 103253 103254 103255 106253 104253 104254 104255 104256 108256 106256 108255 106255 107253 108254 106254
bot 1 3 su965kfe 1225099288 334545 52
owned 1 334545 334546 334547 334548 335548 333548 332548 332547 332546 332545 332544 332543 332542 332541 333541 334541 334542 334543 335543 335544 336544 336545 336546 336547 337546 337545 337544 337543 336543 336542 335542 335541 333542 331542 333543 331543 330543 330544 330545 330546 333544 331544 331545 331546 331547 335547 333547 335546 333546 334544 335545 333545
