# ofcuda_prng initial-state v1 (port spawn/initial state; engine-bit-exact)
# source reference /opt/data/workspaces/skg/ofcuda_matrix/out/matrix/refs/pangaea_a64_nat0.spawn.txt
map pangaea
seed parity
game_id QqkIuyke
game_hash 223241348
agents 64
nations 0
human_agents 1
width 1000
height 1000
min_dist 30
player 1 H nd8079oo -1 0 0
player 2 B 7kmb47oc 107254 1 52
player 3 B su965kfe 334545 1 52
player 4 B 4918e5rs 767276 1 52
player 5 B 0grah7qg 298498 1 52
player 6 B 79lbhuod 271614 1 52
player 7 B 0eay8wsu 705481 1 52
player 8 B l4g4juu8 944611 1 52
player 9 B gsw4n5km 89583 1 52
player 10 B ooz4f963 896690 1 52
player 11 B g49bog52 331181 1 52
player 12 B vl3arc4y 468222 1 52
player 13 B 26spmsu2 876730 1 52
player 14 B 666fmd2f 281683 1 52
player 15 B vybu8oes 224588 1 52
player 16 B tlx2iciq 365649 1 52
player 17 B 8i7cuo9t 384665 1 52
player 18 B ay8xa67r 622435 1 52
player 19 B fha1xhrw 384416 1 52
player 20 B 0n5m7v7w 65538 1 52
player 21 B g1kcotxi 846621 1 52
player 22 B onu80sk7 208173 1 52
player 23 B mt378h9n 149561 1 52
player 24 B bo2xv2tw 448425 1 52
player 25 B 4j0jwl8e 238626 1 52
player 26 B 2q1yboxl 142348 1 52
player 27 B uf1afynu 493240 1 52
player 28 B hnp5jsyu 84630 1 52
player 29 B 3ks2xdvj 656155 1 52
player 30 B 6udu18l9 180833 1 52
player 31 B u9qkgxb0 62653 1 52
player 32 B gxzvzcy1 212652 1 52
player 33 B soumc8lx 889613 1 52
player 34 B pbtdxhy8 330605 1 52
player 35 B 7qca320q 687641 1 52
player 36 B qu4dw13r 176481 1 52
player 37 B uf42rmom 320475 1 52
player 38 B 5pzo5nyp 551600 1 52
player 39 B lpeu6a40 818645 1 52
player 40 B m01qyq41 272210 1 52
player 41 B qp5j7mcl 737537 1 52
player 42 B daoks386 589464 1 52
player 43 B 1adrc0if 258584 1 52
player 44 B z2sjy7tl 600444 1 52
player 45 B 2a2pcqq2 483131 1 52
player 46 B 965x3zic 224285 1 52
player 47 B yytwuuvv 639448 1 52
player 48 B 0bq4zvkx 573527 1 52
player 49 B fqo7elia 642405 1 52
player 50 B xb2eodru 845418 1 52
player 51 B dn2a1fmz 431286 1 52
player 52 B c657fqi1 572154 1 52
player 53 B 3oa0wbik 286266 1 52
player 54 B bbor86ta 602314 1 52
player 55 B ke481hq3 763642 1 52
player 56 B 1p7me35b 672445 1 52
player 57 B ros1fefm 113363 1 52
player 58 B bbj4439d 747387 1 52
player 59 B 50euwmgf 213568 1 52
player 60 B 6ifrrqwg 348286 1 52
player 61 B t3qojvzx 122609 1 52
player 62 B e39s2b1x 172698 1 52
player 63 B 8elalp3o 608388 1 52
player 64 B drzdgt29 830758 1 52
player 65 B a5l13l40 600642 1 52
bot 0 2 7kmb47oc 979863364 107254 52
owned 0 107254 107255 107256 107257 108257 106257 105257 105256 105255 105254 105253 105252 105251 105250 106250 107250 107251 107252 108252 108253 109253 109254 109255 109256 110255 110254 110253 110252 109252 109251 108251 108250 106251 104251 106252 104252 103252 103253 103254 103255 106253 104253 104254 104255 104256 108256 106256 108255 106255 107253 108254 106254
bot 1 3 su965kfe 1225099288 334545 52
owned 1 334545 334546 334547 334548 335548 333548 332548 332547 332546 332545 332544 332543 332542 332541 333541 334541 334542 334543 335543 335544 336544 336545 336546 336547 337546 337545 337544 337543 336543 336542 335542 335541 333542 331542 333543 331543 330543 330544 330545 330546 333544 331544 331545 331546 331547 335547 333547 335546 333546 334544 335545 333545
bot 2 4 4918e5rs 1160776865 767276 52
owned 2 767276 767277 767278 767279 768279 766279 765279 765278 765277 765276 765275 765274 765273 765272 766272 767272 767273 767274 768274 768275 769275 769276 769277 769278 770277 770276 770275 770274 769274 769273 768273 768272 766273 764273 766274 764274 763274 763275 763276 763277 766275 764275 764276 764277 764278 768278 766278 768277 766277 767275 768276 766276
bot 3 5 0grah7qg -2107334215 298498 52
owned 3 298498 298499 298500 298501 299501 297501 296501 296500 296499 296498 296497 296496 296495 296494 297494 298494 298495 298496 299496 299497 300497 300498 300499 300500 301499 301498 301497 301496 300496 300495 299495 299494 297495 295495 297496 295496 294496 294497 294498 294499 297497 295497 295498 295499 295500 299500 297500 299499 297499 298497 299498 297498
bot 4 6 79lbhuod 919150858 271614 52
owned 4 271614 271615 271616 271617 272617 270617 269617 269616 269615 269614 269613 269612 269611 269610 270610 271610 271611 271612 272612 272613 273613 273614 273615 273616 274615 274614 274613 274612 273612 273611 272611 272610 270611 268611 270612 268612 267612 267613 267614 267615 270613 268613 268614 268615 268616 272616 270616 272615 270615 271613 272614 270614
bot 5 7 0eay8wsu 312910098 705481 52
owned 5 705481 705482 705483 705484 706484 704484 703484 703483 703482 703481 703480 703479 703478 703477 704477 705477 705478 705479 706479 706480 707480 707481 707482 707483 708482 708481 708480 708479 707479 707478 706478 706477 704478 702478 704479 702479 701479 701480 701481 701482 704480 702480 702481 702482 702483 706483 704483 706482 704482 705480 706481 704481
bot 6 8 l4g4juu8 1373847271 944611 52
owned 6 944611 944612 944613 944614 945614 943614 942614 942613 942612 942611 942610 942609 942608 942607 943607 944607 944608 944609 945609 945610 946610 946611 946612 946613 947612 947611 947610 947609 946609 946608 945608 945607 943608 941608 943609 941609 940609 940610 940611 940612 943610 941610 941611 941612 941613 945613 943613 945612 943612 944610 945611 943611
bot 7 9 gsw4n5km 1786011062 89583 52
owned 7 89583 89584 89585 89586 90586 88586 87586 87585 87584 87583 87582 87581 87580 87579 88579 89579 89580 89581 90581 90582 91582 91583 91584 91585 92584 92583 92582 92581 91581 91580 90580 90579 88580 86580 88581 86581 85581 85582 85583 85584 88582 86582 86583 86584 86585 90585 88585 90584 88584 89582 90583 88583
bot 8 10 ooz4f963 1067254298 896690 52
owned 8 896690 896691 896692 896693 897693 895693 894693 894692 894691 894690 894689 894688 894687 894686 895686 896686 896687 896688 897688 897689 898689 898690 898691 898692 899691 899690 899689 899688 898688 898687 897687 897686 895687 893687 895688 893688 892688 892689 892690 892691 895689 893689 893690 893691 893692 897692 895692 897691 895691 896689 897690 895690
bot 9 11 g49bog52 471077977 331181 52
owned 9 331181 331182 331183 331184 332184 330184 329184 329183 329182 329181 329180 329179 329178 329177 330177 331177 331178 331179 332179 332180 333180 333181 333182 333183 334182 334181 334180 334179 333179 333178 332178 332177 330178 328178 330179 328179 327179 327180 327181 327182 330180 328180 328181 328182 328183 332183 330183 332182 330182 331180 332181 330181
bot 10 12 vl3arc4y 2110741002 468222 52
owned 10 468222 468223 468224 468225 469225 467225 466225 466224 466223 466222 466221 466220 466219 466218 467218 468218 468219 468220 469220 469221 470221 470222 470223 470224 471223 471222 471221 471220 470220 470219 469219 469218 467219 465219 467220 465220 464220 464221 464222 464223 467221 465221 465222 465223 465224 469224 467224 469223 467223 468221 469222 467222
bot 11 13 26spmsu2 1249151528 876730 52
owned 11 876730 876731 876732 876733 877733 875733 874733 874732 874731 874730 874729 874728 874727 874726 875726 876726 876727 876728 877728 877729 878729 878730 878731 878732 879731 879730 879729 879728 878728 878727 877727 877726 875727 873727 875728 873728 872728 872729 872730 872731 875729 873729 873730 873731 873732 877732 875732 877731 875731 876729 877730 875730
bot 12 14 666fmd2f -2125171585 281683 52
owned 12 281683 281684 281685 281686 282686 280686 279686 279685 279684 279683 279682 279681 279680 279679 280679 281679 281680 281681 282681 282682 283682 283683 283684 283685 284684 284683 284682 284681 283681 283680 282680 282679 280680 278680 280681 278681 277681 277682 277683 277684 280682 278682 278683 278684 278685 282685 280685 282684 280684 281682 282683 280683
bot 13 15 vybu8oes 2095769353 224588 52
owned 13 224588 224589 224590 224591 225591 223591 222591 222590 222589 222588 222587 222586 222585 222584 223584 224584 224585 224586 225586 225587 226587 226588 226589 226590 227589 227588 227587 227586 226586 226585 225585 225584 223585 221585 223586 221586 220586 220587 220588 220589 223587 221587 221588 221589 221590 225590 223590 225589 223589 224587 225588 223588
bot 14 16 tlx2iciq 1076827768 365649 52
owned 14 365649 365650 365651 365652 366652 364652 363652 363651 363650 363649 363648 363647 363646 363645 364645 365645 365646 365647 366647 366648 367648 367649 367650 367651 368650 368649 368648 368647 367647 367646 366646 366645 364646 362646 364647 362647 361647 361648 361649 361650 364648 362648 362649 362650 362651 366651 364651 366650 364650 365648 366649 364649
bot 15 17 8i7cuo9t 1041878418 384665 52
owned 15 384665 384666 384667 384668 385668 383668 382668 382667 382666 382665 382664 382663 382662 382661 383661 384661 384662 384663 385663 385664 386664 386665 386666 386667 387666 387665 387664 387663 386663 386662 385662 385661 383662 381662 383663 381663 380663 380664 380665 380666 383664 381664 381665 381666 381667 385667 383667 385666 383666 384664 385665 383665
bot 16 18 ay8xa67r 1238569276 622435 52
owned 16 622435 622436 622437 622438 623438 621438 620438 620437 620436 620435 620434 620433 620432 620431 621431 622431 622432 622433 623433 623434 624434 624435 624436 624437 625436 625435 625434 625433 624433 624432 623432 623431 621432 619432 621433 619433 618433 618434 618435 618436 621434 619434 619435 619436 619437 623437 621437 623436 621436 622434 623435 621435
bot 17 19 fha1xhrw -2086814691 384416 52
owned 17 384416 384417 384418 384419 385419 383419 382419 382418 382417 382416 382415 382414 382413 382412 383412 384412 384413 384414 385414 385415 386415 386416 386417 386418 387417 387416 387415 387414 386414 386413 385413 385412 383413 381413 383414 381414 380414 380415 380416 380417 383415 381415 381416 381417 381418 385418 383418 385417 383417 384415 385416 383416
bot 18 20 0n5m7v7w 2006771567 65538 52
owned 18 65538 65539 65540 65541 66541 64541 63541 63540 63539 63538 63537 63536 63535 63534 64534 65534 65535 65536 66536 66537 67537 67538 67539 67540 68539 68538 68537 68536 67536 67535 66535 66534 64535 62535 64536 62536 61536 61537 61538 61539 64537 62537 62538 62539 62540 66540 64540 66539 64539 65537 66538 64538
bot 19 21 g1kcotxi 1701193324 846621 52
owned 19 846621 846622 846623 846624 847624 845624 844624 844623 844622 844621 844620 844619 844618 844617 845617 846617 846618 846619 847619 847620 848620 848621 848622 848623 849622 849621 849620 849619 848619 848618 847618 847617 845618 843618 845619 843619 842619 842620 842621 842622 845620 843620 843621 843622 843623 847623 845623 847622 845622 846620 847621 845621
bot 20 22 onu80sk7 2095760979 208173 52
owned 20 208173 208174 208175 208176 209176 207176 206176 206175 206174 206173 206172 206171 206170 206169 207169 208169 208170 208171 209171 209172 210172 210173 210174 210175 211174 211173 211172 211171 210171 210170 209170 209169 207170 205170 207171 205171 204171 204172 204173 204174 207172 205172 205173 205174 205175 209175 207175 209174 207174 208172 209173 207173
bot 21 23 mt378h9n 2146580788 149561 52
owned 21 149561 149562 149563 149564 150564 148564 147564 147563 147562 147561 147560 147559 147558 147557 148557 149557 149558 149559 150559 150560 151560 151561 151562 151563 152562 152561 152560 152559 151559 151558 150558 150557 148558 146558 148559 146559 145559 145560 145561 145562 148560 146560 146561 146562 146563 150563 148563 150562 148562 149560 150561 148561
bot 22 24 bo2xv2tw 494470294 448425 52
owned 22 448425 448426 448427 448428 449428 447428 446428 446427 446426 446425 446424 446423 446422 446421 447421 448421 448422 448423 449423 449424 450424 450425 450426 450427 451426 451425 451424 451423 450423 450422 449422 449421 447422 445422 447423 445423 444423 444424 444425 444426 447424 445424 445425 445426 445427 449427 447427 449426 447426 448424 449425 447425
bot 23 25 4j0jwl8e 1716918454 238626 52
owned 23 238626 238627 238628 238629 239629 237629 236629 236628 236627 236626 236625 236624 236623 236622 237622 238622 238623 238624 239624 239625 240625 240626 240627 240628 241627 241626 241625 241624 240624 240623 239623 239622 237623 235623 237624 235624 234624 234625 234626 234627 237625 235625 235626 235627 235628 239628 237628 239627 237627 238625 239626 237626
bot 24 26 2q1yboxl 255765212 142348 52
owned 24 142348 142349 142350 142351 143351 141351 140351 140350 140349 140348 140347 140346 140345 140344 141344 142344 142345 142346 143346 143347 144347 144348 144349 144350 145349 145348 145347 145346 144346 144345 143345 143344 141345 139345 141346 139346 138346 138347 138348 138349 141347 139347 139348 139349 139350 143350 141350 143349 141349 142347 143348 141348
bot 25 27 uf1afynu 646231689 493240 52
owned 25 493240 493241 493242 493243 494243 492243 491243 491242 491241 491240 491239 491238 491237 491236 492236 493236 493237 493238 494238 494239 495239 495240 495241 495242 496241 496240 496239 496238 495238 495237 494237 494236 492237 490237 492238 490238 489238 489239 489240 489241 492239 490239 490240 490241 490242 494242 492242 494241 492241 493239 494240 492240
bot 26 28 hnp5jsyu 1554719380 84630 52
owned 26 84630 84631 84632 84633 85633 83633 82633 82632 82631 82630 82629 82628 82627 82626 83626 84626 84627 84628 85628 85629 86629 86630 86631 86632 87631 87630 87629 87628 86628 86627 85627 85626 83627 81627 83628 81628 80628 80629 80630 80631 83629 81629 81630 81631 81632 85632 83632 85631 83631 84629 85630 83630
bot 27 29 3ks2xdvj 2013378221 656155 52
owned 27 656155 656156 656157 656158 657158 655158 654158 654157 654156 654155 654154 654153 654152 654151 655151 656151 656152 656153 657153 657154 658154 658155 658156 658157 659156 659155 659154 659153 658153 658152 657152 657151 655152 653152 655153 653153 652153 652154 652155 652156 655154 653154 653155 653156 653157 657157 655157 657156 655156 656154 657155 655155
bot 28 30 6udu18l9 1164531456 180833 52
owned 28 180833 180834 180835 180836 181836 179836 178836 178835 178834 178833 178832 178831 178830 178829 179829 180829 180830 180831 181831 181832 182832 182833 182834 182835 183834 183833 183832 183831 182831 182830 181830 181829 179830 177830 179831 177831 176831 176832 176833 176834 179832 177832 177833 177834 177835 181835 179835 181834 179834 180832 181833 179833
bot 29 31 u9qkgxb0 358820289 62653 52
owned 29 62653 62654 62655 62656 63656 61656 60656 60655 60654 60653 60652 60651 60650 60649 61649 62649 62650 62651 63651 63652 64652 64653 64654 64655 65654 65653 65652 65651 64651 64650 63650 63649 61650 59650 61651 59651 58651 58652 58653 58654 61652 59652 59653 59654 59655 63655 61655 63654 61654 62652 63653 61653
bot 30 32 gxzvzcy1 2075804082 212652 52
owned 30 212652 212653 212654 212655 213655 211655 210655 210654 210653 210652 210651 210650 210649 210648 211648 212648 212649 212650 213650 213651 214651 214652 214653 214654 215653 215652 215651 215650 214650 214649 213649 213648 211649 209649 211650 209650 208650 208651 208652 208653 211651 209651 209652 209653 209654 213654 211654 213653 211653 212651 213652 211652
bot 31 33 soumc8lx 1964908793 889613 52
owned 31 889613 889614 889615 889616 890616 888616 887616 887615 887614 887613 887612 887611 887610 887609 888609 889609 889610 889611 890611 890612 891612 891613 891614 891615 892614 892613 892612 892611 891611 891610 890610 890609 888610 886610 888611 886611 885611 885612 885613 885614 888612 886612 886613 886614 886615 890615 888615 890614 888614 889612 890613 888613
bot 32 34 pbtdxhy8 -1952436939 330605 52
owned 32 330605 330606 330607 330608 331608 329608 328608 328607 328606 328605 328604 328603 328602 328601 329601 330601 330602 330603 331603 331604 332604 332605 332606 332607 333606 333605 333604 333603 332603 332602 331602 331601 329602 327602 329603 327603 326603 326604 326605 326606 329604 327604 327605 327606 327607 331607 329607 331606 329606 330604 331605 329605
bot 33 35 7qca320q 1722666588 687641 52
owned 33 687641 687642 687643 687644 688644 686644 685644 685643 685642 685641 685640 685639 685638 685637 686637 687637 687638 687639 688639 688640 689640 689641 689642 689643 690642 690641 690640 690639 689639 689638 688638 688637 686638 684638 686639 684639 683639 683640 683641 683642 686640 684640 684641 684642 684643 688643 686643 688642 686642 687640 688641 686641
bot 34 36 qu4dw13r 1935691025 176481 52
owned 34 176481 176482 176483 176484 177484 175484 174484 174483 174482 174481 174480 174479 174478 174477 175477 176477 176478 176479 177479 177480 178480 178481 178482 178483 179482 179481 179480 179479 178479 178478 177478 177477 175478 173478 175479 173479 172479 172480 172481 172482 175480 173480 173481 173482 173483 177483 175483 177482 175482 176480 177481 175481
bot 35 37 uf42rmom 603403740 320475 52
owned 35 320475 320476 320477 320478 321478 319478 318478 318477 318476 318475 318474 318473 318472 318471 319471 320471 320472 320473 321473 321474 322474 322475 322476 322477 323476 323475 323474 323473 322473 322472 321472 321471 319472 317472 319473 317473 316473 316474 316475 316476 319474 317474 317475 317476 317477 321477 319477 321476 319476 320474 321475 319475
bot 36 38 5pzo5nyp -1978938492 551600 52
owned 36 551600 551601 551602 551603 552603 550603 549603 549602 549601 549600 549599 549598 549597 549596 550596 551596 551597 551598 552598 552599 553599 553600 553601 553602 554601 554600 554599 554598 553598 553597 552597 552596 550597 548597 550598 548598 547598 547599 547600 547601 550599 548599 548600 548601 548602 552602 550602 552601 550601 551599 552600 550600
bot 37 39 lpeu6a40 1655789225 818645 52
owned 37 818645 818646 818647 818648 819648 817648 816648 816647 816646 816645 816644 816643 816642 816641 817641 818641 818642 818643 819643 819644 820644 820645 820646 820647 821646 821645 821644 821643 820643 820642 819642 819641 817642 815642 817643 815643 814643 814644 814645 814646 817644 815644 815645 815646 815647 819647 817647 819646 817646 818644 819645 817645
bot 38 40 m01qyq41 -1925929108 272210 52
owned 38 272210 272211 272212 272213 273213 271213 270213 270212 270211 270210 270209 270208 270207 270206 271206 272206 272207 272208 273208 273209 274209 274210 274211 274212 275211 275210 275209 275208 274208 274207 273207 273206 271207 269207 271208 269208 268208 268209 268210 268211 271209 269209 269210 269211 269212 273212 271212 273211 271211 272209 273210 271210
bot 39 41 qp5j7mcl 1825462711 737537 52
owned 39 737537 737538 737539 737540 738540 736540 735540 735539 735538 735537 735536 735535 735534 735533 736533 737533 737534 737535 738535 738536 739536 739537 739538 739539 740538 740537 740536 740535 739535 739534 738534 738533 736534 734534 736535 734535 733535 733536 733537 733538 736536 734536 734537 734538 734539 738539 736539 738538 736538 737536 738537 736537
bot 40 42 daoks386 1879256123 589464 52
owned 40 589464 589465 589466 589467 590467 588467 587467 587466 587465 587464 587463 587462 587461 587460 588460 589460 589461 589462 590462 590463 591463 591464 591465 591466 592465 592464 592463 592462 591462 591461 590461 590460 588461 586461 588462 586462 585462 585463 585464 585465 588463 586463 586464 586465 586466 590466 588466 590465 588465 589463 590464 588464
bot 41 43 1adrc0if 1860141724 258584 52
owned 41 258584 258585 258586 258587 259587 257587 256587 256586 256585 256584 256583 256582 256581 256580 257580 258580 258581 258582 259582 259583 260583 260584 260585 260586 261585 261584 261583 261582 260582 260581 259581 259580 257581 255581 257582 255582 254582 254583 254584 254585 257583 255583 255584 255585 255586 259586 257586 259585 257585 258583 259584 257584
bot 42 44 z2sjy7tl 1824294623 600444 52
owned 42 600444 600445 600446 600447 601447 599447 598447 598446 598445 598444 598443 598442 598441 598440 599440 600440 600441 600442 601442 601443 602443 602444 602445 602446 603445 603444 603443 603442 602442 602441 601441 601440 599441 597441 599442 597442 596442 596443 596444 596445 599443 597443 597444 597445 597446 601446 599446 601445 599445 600443 601444 599444
bot 43 45 2a2pcqq2 1550573320 483131 52
owned 43 483131 483132 483133 483134 484134 482134 481134 481133 481132 481131 481130 481129 481128 481127 482127 483127 483128 483129 484129 484130 485130 485131 485132 485133 486132 486131 486130 486129 485129 485128 484128 484127 482128 480128 482129 480129 479129 479130 479131 479132 482130 480130 480131 480132 480133 484133 482133 484132 482132 483130 484131 482131
bot 44 46 965x3zic 1651901379 224285 52
owned 44 224285 224286 224287 224288 225288 223288 222288 222287 222286 222285 222284 222283 222282 222281 223281 224281 224282 224283 225283 225284 226284 226285 226286 226287 227286 227285 227284 227283 226283 226282 225282 225281 223282 221282 223283 221283 220283 220284 220285 220286 223284 221284 221285 221286 221287 225287 223287 225286 223286 224284 225285 223285
bot 45 47 yytwuuvv 643310337 639448 52
owned 45 639448 639449 639450 639451 640451 638451 637451 637450 637449 637448 637447 637446 637445 637444 638444 639444 639445 639446 640446 640447 641447 641448 641449 641450 642449 642448 642447 642446 641446 641445 640445 640444 638445 636445 638446 636446 635446 635447 635448 635449 638447 636447 636448 636449 636450 640450 638450 640449 638449 639447 640448 638448
bot 46 48 0bq4zvkx -1953292478 573527 52
owned 46 573527 573528 573529 573530 574530 572530 571530 571529 571528 571527 571526 571525 571524 571523 572523 573523 573524 573525 574525 574526 575526 575527 575528 575529 576528 576527 576526 576525 575525 575524 574524 574523 572524 570524 572525 570525 569525 569526 569527 569528 572526 570526 570527 570528 570529 574529 572529 574528 572528 573526 574527 572527
bot 47 49 fqo7elia -1958284618 642405 52
owned 47 642405 642406 642407 642408 643408 641408 640408 640407 640406 640405 640404 640403 640402 640401 641401 642401 642402 642403 643403 643404 644404 644405 644406 644407 645406 645405 645404 645403 644403 644402 643402 643401 641402 639402 641403 639403 638403 638404 638405 638406 641404 639404 639405 639406 639407 643407 641407 643406 641406 642404 643405 641405
bot 48 50 xb2eodru 1511238585 845418 52
owned 48 845418 845419 845420 845421 846421 844421 843421 843420 843419 843418 843417 843416 843415 843414 844414 845414 845415 845416 846416 846417 847417 847418 847419 847420 848419 848418 848417 848416 847416 847415 846415 846414 844415 842415 844416 842416 841416 841417 841418 841419 844417 842417 842418 842419 842420 846420 844420 846419 844419 845417 846418 844418
bot 49 51 dn2a1fmz 1672109513 431286 52
owned 49 431286 431287 431288 431289 432289 430289 429289 429288 429287 429286 429285 429284 429283 429282 430282 431282 431283 431284 432284 432285 433285 433286 433287 433288 434287 434286 434285 434284 433284 433283 432283 432282 430283 428283 430284 428284 427284 427285 427286 427287 430285 428285 428286 428287 428288 432288 430288 432287 430287 431285 432286 430286
bot 50 52 c657fqi1 1526829564 572154 52
owned 50 572154 572155 572156 572157 573157 571157 570157 570156 570155 570154 570153 570152 570151 570150 571150 572150 572151 572152 573152 573153 574153 574154 574155 574156 575155 575154 575153 575152 574152 574151 573151 573150 571151 569151 571152 569152 568152 568153 568154 568155 571153 569153 569154 569155 569156 573156 571156 573155 571155 572153 573154 571154
bot 51 53 3oa0wbik 1465915324 286266 52
owned 51 286266 286267 286268 286269 287269 285269 284269 284268 284267 284266 284265 284264 284263 284262 285262 286262 286263 286264 287264 287265 288265 288266 288267 288268 289267 289266 289265 289264 288264 288263 287263 287262 285263 283263 285264 283264 282264 282265 282266 282267 285265 283265 283266 283267 283268 287268 285268 287267 285267 286265 287266 285266
bot 52 54 bbor86ta 1160631798 602314 52
owned 52 602314 602315 602316 602317 603317 601317 600317 600316 600315 600314 600313 600312 600311 600310 601310 602310 602311 602312 603312 603313 604313 604314 604315 604316 605315 605314 605313 605312 604312 604311 603311 603310 601311 599311 601312 599312 598312 598313 598314 598315 601313 599313 599314 599315 599316 603316 601316 603315 601315 602313 603314 601314
bot 53 55 ke481hq3 1735541677 763642 52
owned 53 763642 763643 763644 763645 764645 762645 761645 761644 761643 761642 761641 761640 761639 761638 762638 763638 763639 763640 764640 764641 765641 765642 765643 765644 766643 766642 766641 766640 765640 765639 764639 764638 762639 760639 762640 760640 759640 759641 759642 759643 762641 760641 760642 760643 760644 764644 762644 764643 762643 763641 764642 762642
bot 54 56 1p7me35b 2016093044 672445 52
owned 54 672445 672446 672447 672448 673448 671448 670448 670447 670446 670445 670444 670443 670442 670441 671441 672441 672442 672443 673443 673444 674444 674445 674446 674447 675446 675445 675444 675443 674443 674442 673442 673441 671442 669442 671443 669443 668443 668444 668445 668446 671444 669444 669445 669446 669447 673447 671447 673446 671446 672444 673445 671445
bot 55 57 ros1fefm 336921379 113363 52
owned 55 113363 113364 113365 113366 114366 112366 111366 111365 111364 111363 111362 111361 111360 111359 112359 113359 113360 113361 114361 114362 115362 115363 115364 115365 116364 116363 116362 116361 115361 115360 114360 114359 112360 110360 112361 110361 109361 109362 109363 109364 112362 110362 110363 110364 110365 114365 112365 114364 112364 113362 114363 112363
bot 56 58 bbj4439d 1361159728 747387 52
owned 56 747387 747388 747389 747390 748390 746390 745390 745389 745388 745387 745386 745385 745384 745383 746383 747383 747384 747385 748385 748386 749386 749387 749388 749389 750388 750387 750386 750385 749385 749384 748384 748383 746384 744384 746385 744385 743385 743386 743387 743388 746386 744386 744387 744388 744389 748389 746389 748388 746388 747386 748387 746387
bot 57 59 50euwmgf 756661700 213568 52
owned 57 213568 213569 213570 213571 214571 212571 211571 211570 211569 211568 211567 211566 211565 211564 212564 213564 213565 213566 214566 214567 215567 215568 215569 215570 216569 216568 216567 216566 215566 215565 214565 214564 212565 210565 212566 210566 209566 209567 209568 209569 212567 210567 210568 210569 210570 214570 212570 214569 212569 213567 214568 212568
bot 58 60 6ifrrqwg 1573288274 348286 52
owned 58 348286 348287 348288 348289 349289 347289 346289 346288 346287 346286 346285 346284 346283 346282 347282 348282 348283 348284 349284 349285 350285 350286 350287 350288 351287 351286 351285 351284 350284 350283 349283 349282 347283 345283 347284 345284 344284 344285 344286 344287 347285 345285 345286 345287 345288 349288 347288 349287 347287 348285 349286 347286
bot 59 61 t3qojvzx 1884704811 122609 52
owned 59 122609 122610 122611 122612 123612 121612 120612 120611 120610 120609 120608 120607 120606 120605 121605 122605 122606 122607 123607 123608 124608 124609 124610 124611 125610 125609 125608 125607 124607 124606 123606 123605 121606 119606 121607 119607 118607 118608 118609 118610 121608 119608 119609 119610 119611 123611 121611 123610 121610 122608 123609 121609
bot 60 62 e39s2b1x 535357285 172698 52
owned 60 172698 172699 172700 172701 173701 171701 170701 170700 170699 170698 170697 170696 170695 170694 171694 172694 172695 172696 173696 173697 174697 174698 174699 174700 175699 175698 175697 175696 174696 174695 173695 173694 171695 169695 171696 169696 168696 168697 168698 168699 171697 169697 169698 169699 169700 173700 171700 173699 171699 172697 173698 171698
bot 61 63 8elalp3o 1664787462 608388 52
owned 61 608388 608389 608390 608391 609391 607391 606391 606390 606389 606388 606387 606386 606385 606384 607384 608384 608385 608386 609386 609387 610387 610388 610389 610390 611389 611388 611387 611386 610386 610385 609385 609384 607385 605385 607386 605386 604386 604387 604388 604389 607387 605387 605388 605389 605390 609390 607390 609389 607389 608387 609388 607388
bot 62 64 drzdgt29 351372376 830758 52
owned 62 830758 830759 830760 830761 831761 829761 828761 828760 828759 828758 828757 828756 828755 828754 829754 830754 830755 830756 831756 831757 832757 832758 832759 832760 833759 833758 833757 833756 832756 832755 831755 831754 829755 827755 829756 827756 826756 826757 826758 826759 829757 827757 827758 827759 827760 831760 829760 831759 829759 830757 831758 829758
bot 63 65 a5l13l40 409032466 600642 52
owned 63 600642 600643 600644 600645 601645 599645 598645 598644 598643 598642 598641 598640 598639 598638 599638 600638 600639 600640 601640 601641 602641 602642 602643 602644 603643 603642 603641 603640 602640 602639 601639 601638 599639 597639 599640 597640 596640 596641 596642 596643 599641 597641 597642 597643 597644 601644 599644 601643 599643 600641 601642 599642
