# ofcuda_prng initial-state v1 (port spawn/initial state; engine-bit-exact)
# source reference /opt/data/workspaces/skg/ofcuda_matrix/out/matrix/refs/passage_a18_nat0.spawn.txt
map passage
seed parity
game_id QqkIuyke
game_hash 223241348
agents 18
nations 0
human_agents 1
width 6000
height 400
min_dist 30
player 1 H nd8079oo -1 0 0
player 2 B 7kmb47oc 1148486 1 52
player 3 B su965kfe 1028778 1 52
player 4 B 4918e5rs 1050104 1 52
player 5 B 0grah7qg 1031402 1 52
player 6 B 79lbhuod 216357 1 52
player 7 B 0eay8wsu 1011646 1 52
player 8 B l4g4juu8 1034282 1 52
player 9 B gsw4n5km 935422 1 52
player 10 B ooz4f963 826521 1 52
player 11 B g49bog52 174494 1 52
player 12 B vl3arc4y 928063 1 52
player 13 B 26spmsu2 950882 1 52
player 14 B 666fmd2f 1532334 1 52
player 15 B vybu8oes 1899180 1 52
player 16 B tlx2iciq 879894 1 52
player 17 B 8i7cuo9t 384008 1 52
player 18 B ay8xa67r 1270632 1 52
player 19 B fha1xhrw 920499 1 52
bot 0 2 7kmb47oc 979863364 1148486 52
owned 0 1148486 1148487 1148488 1148489 1154489 1142489 1136489 1136488 1136487 1136486 1136485 1136484 1136483 1136482 1142482 1148482 1148483 1148484 1154484 1154485 1160485 1160486 1160487 1160488 1166487 1166486 1166485 1166484 1160484 1160483 1154483 1154482 1142483 1130483 1142484 1130484 1124484 1124485 1124486 1124487 1142485 1130485 1130486 1130487 1130488 1154488 1142488 1154487 1142487 1148485 1154486 1142486
bot 1 3 su965kfe 1225099288 1028778 52
owned 1 1028778 1028779 1028780 1028781 1034781 1022781 1016781 1016780 1016779 1016778 1016777 1016776 1016775 1016774 1022774 1028774 1028775 1028776 1034776 1034777 1040777 1040778 1040779 1040780 1046779 1046778 1046777 1046776 1040776 1040775 1034775 1034774 1022775 1010775 1022776 1010776 1004776 1004777 1004778 1004779 1022777 1010777 1010778 1010779 1010780 1034780 1022780 1034779 1022779 1028777 1034778 1022778
bot 2 4 4918e5rs 1160776865 1050104 52
owned 2 1050104 1050105 1050106 1050107 1056107 1044107 1038107 1038106 1038105 1038104 1038103 1038102 1038101 1038100 1044100 1050100 1050101 1050102 1056102 1056103 1062103 1062104 1062105 1062106 1068105 1068104 1068103 1068102 1062102 1062101 1056101 1056100 1044101 1032101 1044102 1032102 1026102 1026103 1026104 1026105 1044103 1032103 1032104 1032105 1032106 1056106 1044106 1056105 1044105 1050103 1056104 1044104
bot 3 5 0grah7qg -2107334215 1031402 52
owned 3 1031402 1031403 1031404 1031405 1037405 1025405 1019405 1019404 1019403 1019402 1019401 1019400 1019399 1019398 1025398 1031398 1031399 1031400 1037400 1037401 1043401 1043402 1043403 1043404 1049403 1049402 1049401 1049400 1043400 1043399 1037399 1037398 1025399 1013399 1025400 1013400 1007400 1007401 1007402 1007403 1025401 1013401 1013402 1013403 1013404 1037404 1025404 1037403 1025403 1031401 1037402 1025402
bot 4 6 79lbhuod 919150858 216357 52
owned 4 216357 216358 216359 216360 222360 210360 204360 204359 204358 204357 204356 204355 204354 204353 210353 216353 216354 216355 222355 222356 228356 228357 228358 228359 234358 234357 234356 234355 228355 228354 222354 222353 210354 198354 210355 198355 192355 192356 192357 192358 210356 198356 198357 198358 198359 222359 210359 222358 210358 216356 222357 210357
bot 5 7 0eay8wsu 312910098 1011646 52
owned 5 1011646 1011647 1011648 1011649 1017649 1005649 999649 999648 999647 999646 999645 999644 999643 999642 1005642 1011642 1011643 1011644 1017644 1017645 1023645 1023646 1023647 1023648 1029647 1029646 1029645 1029644 1023644 1023643 1017643 1017642 1005643 993643 1005644 993644 987644 987645 987646 987647 1005645 993645 993646 993647 993648 1017648 1005648 1017647 1005647 1011645 1017646 1005646
bot 6 8 l4g4juu8 1373847271 1034282 52
owned 6 1034282 1034283 1034284 1034285 1040285 1028285 1022285 1022284 1022283 1022282 1022281 1022280 1022279 1022278 1028278 1034278 1034279 1034280 1040280 1040281 1046281 1046282 1046283 1046284 1052283 1052282 1052281 1052280 1046280 1046279 1040279 1040278 1028279 1016279 1028280 1016280 1010280 1010281 1010282 1010283 1028281 1016281 1016282 1016283 1016284 1040284 1028284 1040283 1028283 1034281 1040282 1028282
bot 7 9 gsw4n5km 1786011062 935422 52
owned 7 935422 935423 935424 935425 941425 929425 923425 923424 923423 923422 923421 923420 923419 923418 929418 935418 935419 935420 941420 941421 947421 947422 947423 947424 953423 953422 953421 953420 947420 947419 941419 941418 929419 917419 929420 917420 911420 911421 911422 911423 929421 917421 917422 917423 917424 941424 929424 941423 929423 935421 941422 929422
bot 8 10 ooz4f963 1067254298 826521 52
owned 8 826521 826522 826523 826524 832524 820524 814524 814523 814522 814521 814520 814519 814518 814517 820517 826517 826518 826519 832519 832520 838520 838521 838522 838523 844522 844521 844520 844519 838519 838518 832518 832517 820518 808518 820519 808519 802519 802520 802521 802522 820520 808520 808521 808522 808523 832523 820523 832522 820522 826520 832521 820521
bot 9 11 g49bog52 471077977 174494 52
owned 9 174494 174495 174496 174497 180497 168497 162497 162496 162495 162494 162493 162492 162491 162490 168490 174490 174491 174492 180492 180493 186493 186494 186495 186496 192495 192494 192493 192492 186492 186491 180491 180490 168491 156491 168492 156492 150492 150493 150494 150495 168493 156493 156494 156495 156496 180496 168496 180495 168495 174493 180494 168494
bot 10 12 vl3arc4y 2110741002 928063 52
owned 10 928063 928064 928065 928066 934066 922066 916066 916065 916064 916063 916062 916061 916060 916059 922059 928059 928060 928061 934061 934062 940062 940063 940064 940065 946064 946063 946062 946061 940061 940060 934060 934059 922060 910060 922061 910061 904061 904062 904063 904064 922062 910062 910063 910064 910065 934065 922065 934064 922064 928062 934063 922063
bot 11 13 26spmsu2 1249151528 950882 52
owned 11 950882 950883 950884 950885 956885 944885 938885 938884 938883 938882 938881 938880 938879 938878 944878 950878 950879 950880 956880 956881 962881 962882 962883 962884 968883 968882 968881 968880 962880 962879 956879 956878 944879 932879 944880 932880 926880 926881 926882 926883 944881 932881 932882 932883 932884 956884 944884 956883 944883 950881 956882 944882
bot 12 14 666fmd2f -2125171585 1532334 52
owned 12 1532334 1532335 1532336 1532337 1538337 1526337 1520337 1520336 1520335 1520334 1520333 1520332 1520331 1520330 1526330 1532330 1532331 1532332 1538332 1538333 1544333 1544334 1544335 1544336 1550335 1550334 1550333 1550332 1544332 1544331 1538331 1538330 1526331 1514331 1526332 1514332 1508332 1508333 1508334 1508335 1526333 1514333 1514334 1514335 1514336 1538336 1526336 1538335 1526335 1532333 1538334 1526334
bot 13 15 vybu8oes 2095769353 1899180 52
owned 13 1899180 1899181 1899182 1899183 1905183 1893183 1887183 1887182 1887181 1887180 1887179 1887178 1887177 1887176 1893176 1899176 1899177 1899178 1905178 1905179 1911179 1911180 1911181 1911182 1917181 1917180 1917179 1917178 1911178 1911177 1905177 1905176 1893177 1881177 1893178 1881178 1875178 1875179 1875180 1875181 1893179 1881179 1881180 1881181 1881182 1905182 1893182 1905181 1893181 1899179 1905180 1893180
bot 14 16 tlx2iciq 1076827768 879894 52
owned 14 879894 879895 879896 879897 885897 873897 867897 867896 867895 867894 867893 867892 867891 867890 873890 879890 879891 879892 885892 885893 891893 891894 891895 891896 897895 897894 897893 897892 891892 891891 885891 885890 873891 861891 873892 861892 855892 855893 855894 855895 873893 861893 861894 861895 861896 885896 873896 885895 873895 879893 885894 873894
bot 15 17 8i7cuo9t 1041878418 384008 52
owned 15 384008 384009 384010 384011 390011 378011 372011 372010 372009 372008 372007 372006 372005 372004 378004 384004 384005 384006 390006 390007 396007 396008 396009 396010 402009 402008 402007 402006 396006 396005 390005 390004 378005 366005 378006 366006 360006 360007 360008 360009 378007 366007 366008 366009 366010 390010 378010 390009 378009 384007 390008 378008
bot 16 18 ay8xa67r 1238569276 1270632 52
owned 16 1270632 1270633 1270634 1270635 1276635 1264635 1258635 1258634 1258633 1258632 1258631 1258630 1258629 1258628 1264628 1270628 1270629 1270630 1276630 1276631 1282631 1282632 1282633 1282634 1288633 1288632 1288631 1288630 1282630 1282629 1276629 1276628 1264629 1252629 1264630 1252630 1246630 1246631 1246632 1246633 1264631 1252631 1252632 1252633 1252634 1276634 1264634 1276633 1264633 1270631 1276632 1264632
bot 17 19 fha1xhrw -2086814691 920499 52
owned 17 920499 920500 920501 920502 926502 914502 908502 908501 908500 908499 908498 908497 908496 908495 914495 920495 920496 920497 926497 926498 932498 932499 932500 932501 938500 938499 938498 938497 932497 932496 926496 926495 914496 902496 914497 902497 896497 896498 896499 896500 914498 902498 902499 902500 902501 926501 914501 926500 914500 920498 926499 914499
