# ofcuda_prng initial-state v1 (port spawn/initial state; engine-bit-exact)
# source reference /opt/data/workspaces/skg/ofcuda_matrix/out/matrix/refs/thebox_a64_nat0.spawn.txt
map thebox
seed parity
game_id QqkIuyke
game_hash 223241348
agents 64
nations 0
human_agents 1
width 2048
height 2048
min_dist 30
player 1 H nd8079oo -1 0 0
player 2 B 7kmb47oc 449033 1 52
player 3 B su965kfe 1794996 1 52
player 4 B 4918e5rs 3328214 1 52
player 5 B 0grah7qg 1250299 1 52
player 6 B 79lbhuod 127246 1 52
player 7 B 0eay8wsu 1770716 1 52
player 8 B l4g4juu8 2107776 1 52
player 9 B gsw4n5km 3754482 1 52
player 10 B ooz4f963 3643254 1 52
player 11 B g49bog52 1320508 1 52
player 12 B vl3arc4y 1962439 1 52
player 13 B 26spmsu2 1661911 1 52
player 14 B 666fmd2f 1181048 1 52
player 15 B vybu8oes 2434750 1 52
player 16 B tlx2iciq 534900 1 52
player 17 B 8i7cuo9t 1611090 1 52
player 18 B ay8xa67r 2215469 1 52
player 19 B fha1xhrw 1845038 1 52
player 20 B 0n5m7v7w 1723818 1 52
player 21 B g1kcotxi 2740325 1 52
player 22 B onu80sk7 1606520 1 52
player 23 B mt378h9n 3779250 1 52
player 24 B bo2xv2tw 1656424 1 52
player 25 B 4j0jwl8e 1000707 1 52
player 26 B 2q1yboxl 4183066 1 52
player 27 B uf1afynu 2576127 1 52
player 28 B hnp5jsyu 355594 1 52
player 29 B 3ks2xdvj 4105850 1 52
player 30 B 6udu18l9 759466 1 52
player 31 B u9qkgxb0 261434 1 52
player 32 B gxzvzcy1 890169 1 52
player 33 B soumc8lx 3730665 1 52
player 34 B pbtdxhy8 1978614 1 52
player 35 B 7qca320q 685963 1 52
player 36 B qu4dw13r 3086598 1 52
player 37 B uf42rmom 854356 1 52
player 38 B 5pzo5nyp 2126286 1 52
player 39 B lpeu6a40 3245972 1 52
player 40 B m01qyq41 1657066 1 52
player 41 B qp5j7mcl 3093580 1 52
player 42 B daoks386 2474934 1 52
player 43 B 1adrc0if 625126 1 52
player 44 B z2sjy7tl 2517903 1 52
player 45 B 2a2pcqq2 1114036 1 52
player 46 B 965x3zic 1794270 1 52
player 47 B yytwuuvv 2681750 1 52
player 48 B 0bq4zvkx 2405432 1 52
player 49 B fqo7elia 1899327 1 52
player 50 B xb2eodru 3545945 1 52
player 51 B dn2a1fmz 909646 1 52
player 52 B c657fqi1 2402619 1 52
player 53 B 3oa0wbik 1202722 1 52
player 54 B bbor86ta 2527875 1 52
player 55 B ke481hq3 353450 1 52
player 56 B 1p7me35b 1871961 1 52
player 57 B ros1fefm 1500478 1 52
player 58 B bbj4439d 185279 1 52
player 59 B 50euwmgf 907946 1 52
player 60 B 6ifrrqwg 2856043 1 52
player 61 B t3qojvzx 513247 1 52
player 62 B e39s2b1x 724374 1 52
player 63 B 8elalp3o 4048480 1 52
player 64 B drzdgt29 3485201 1 52
player 65 B a5l13l40 4055722 1 52
bot 0 2 7kmb47oc 979863364 449033 52
owned 0 449033 449034 449035 449036 451084 446988 444940 444939 444938 444937 444936 444935 444934 444933 446981 449029 449030 449031 451079 451080 453128 453129 453130 453131 455178 455177 455176 455175 453127 453126 451078 451077 446982 442886 446983 442887 440839 440840 440841 440842 446984 442888 442889 442890 442891 451083 446987 451082 446986 449032 451081 446985
bot 1 3 su965kfe 1225099288 1794996 52
owned 1 1794996 1794997 1794998 1794999 1797047 1792951 1790903 1790902 1790901 1790900 1790899 1790898 1790897 1790896 1792944 1794992 1794993 1794994 1797042 1797043 1799091 1799092 1799093 1799094 1801141 1801140 1801139 1801138 1799090 1799089 1797041 1797040 1792945 1788849 1792946 1788850 1786802 1786803 1786804 1786805 1792947 1788851 1788852 1788853 1788854 1797046 1792950 1797045 1792949 1794995 1797044 1792948
bot 2 4 4918e5rs 1160776865 3328214 52
owned 2 3328214 3328215 3328216 3328217 3330265 3326169 3324121 3324120 3324119 3324118 3324117 3324116 3324115 3324114 3326162 3328210 3328211 3328212 3330260 3330261 3332309 3332310 3332311 3332312 3334359 3334358 3334357 3334356 3332308 3332307 3330259 3330258 3326163 3322067 3326164 3322068 3320020 3320021 3320022 3320023 3326165 3322069 3322070 3322071 3322072 3330264 3326168 3330263 3326167 3328213 3330262 3326166
bot 3 5 0grah7qg -2107334215 1250299 52
owned 3 1250299 1250300 1250301 1250302 1252350 1248254 1246206 1246205 1246204 1246203 1246202 1246201 1246200 1246199 1248247 1250295 1250296 1250297 1252345 1252346 1254394 1254395 1254396 1254397 1256444 1256443 1256442 1256441 1254393 1254392 1252344 1252343 1248248 1244152 1248249 1244153 1242105 1242106 1242107 1242108 1248250 1244154 1244155 1244156 1244157 1252349 1248253 1252348 1248252 1250298 1252347 1248251
bot 4 6 79lbhuod 919150858 127246 52
owned 4 127246 127247 127248 127249 129297 125201 123153 123152 123151 123150 123149 123148 123147 123146 125194 127242 127243 127244 129292 129293 131341 131342 131343 131344 133391 133390 133389 133388 131340 131339 129291 129290 125195 121099 125196 121100 119052 119053 119054 119055 125197 121101 121102 121103 121104 129296 125200 129295 125199 127245 129294 125198
bot 5 7 0eay8wsu 312910098 1770716 52
owned 5 1770716 1770717 1770718 1770719 1772767 1768671 1766623 1766622 1766621 1766620 1766619 1766618 1766617 1766616 1768664 1770712 1770713 1770714 1772762 1772763 1774811 1774812 1774813 1774814 1776861 1776860 1776859 1776858 1774810 1774809 1772761 1772760 1768665 1764569 1768666 1764570 1762522 1762523 1762524 1762525 1768667 1764571 1764572 1764573 1764574 1772766 1768670 1772765 1768669 1770715 1772764 1768668
bot 6 8 l4g4juu8 1373847271 2107776 52
owned 6 2107776 2107777 2107778 2107779 2109827 2105731 2103683 2103682 2103681 2103680 2103679 2103678 2103677 2103676 2105724 2107772 2107773 2107774 2109822 2109823 2111871 2111872 2111873 2111874 2113921 2113920 2113919 2113918 2111870 2111869 2109821 2109820 2105725 2101629 2105726 2101630 2099582 2099583 2099584 2099585 2105727 2101631 2101632 2101633 2101634 2109826 2105730 2109825 2105729 2107775 2109824 2105728
bot 7 9 gsw4n5km 1786011062 3754482 52
owned 7 3754482 3754483 3754484 3754485 3756533 3752437 3750389 3750388 3750387 3750386 3750385 3750384 3750383 3750382 3752430 3754478 3754479 3754480 3756528 3756529 3758577 3758578 3758579 3758580 3760627 3760626 3760625 3760624 3758576 3758575 3756527 3756526 3752431 3748335 3752432 3748336 3746288 3746289 3746290 3746291 3752433 3748337 3748338 3748339 3748340 3756532 3752436 3756531 3752435 3754481 3756530 3752434
bot 8 10 ooz4f963 1067254298 3643254 52
owned 8 3643254 3643255 3643256 3643257 3645305 3641209 3639161 3639160 3639159 3639158 3639157 3639156 3639155 3639154 3641202 3643250 3643251 3643252 3645300 3645301 3647349 3647350 3647351 3647352 3649399 3649398 3649397 3649396 3647348 3647347 3645299 3645298 3641203 3637107 3641204 3637108 3635060 3635061 3635062 3635063 3641205 3637109 3637110 3637111 3637112 3645304 3641208 3645303 3641207 3643253 3645302 3641206
bot 9 11 g49bog52 471077977 1320508 52
owned 9 1320508 1320509 1320510 1320511 1322559 1318463 1316415 1316414 1316413 1316412 1316411 1316410 1316409 1316408 1318456 1320504 1320505 1320506 1322554 1322555 1324603 1324604 1324605 1324606 1326653 1326652 1326651 1326650 1324602 1324601 1322553 1322552 1318457 1314361 1318458 1314362 1312314 1312315 1312316 1312317 1318459 1314363 1314364 1314365 1314366 1322558 1318462 1322557 1318461 1320507 1322556 1318460
bot 10 12 vl3arc4y 2110741002 1962439 52
owned 10 1962439 1962440 1962441 1962442 1964490 1960394 1958346 1958345 1958344 1958343 1958342 1958341 1958340 1958339 1960387 1962435 1962436 1962437 1964485 1964486 1966534 1966535 1966536 1966537 1968584 1968583 1968582 1968581 1966533 1966532 1964484 1964483 1960388 1956292 1960389 1956293 1954245 1954246 1954247 1954248 1960390 1956294 1956295 1956296 1956297 1964489 1960393 1964488 1960392 1962438 1964487 1960391
bot 11 13 26spmsu2 1249151528 1661911 52
owned 11 1661911 1661912 1661913 1661914 1663962 1659866 1657818 1657817 1657816 1657815 1657814 1657813 1657812 1657811 1659859 1661907 1661908 1661909 1663957 1663958 1666006 1666007 1666008 1666009 1668056 1668055 1668054 1668053 1666005 1666004 1663956 1663955 1659860 1655764 1659861 1655765 1653717 1653718 1653719 1653720 1659862 1655766 1655767 1655768 1655769 1663961 1659865 1663960 1659864 1661910 1663959 1659863
bot 12 14 666fmd2f -2125171585 1181048 52
owned 12 1181048 1181049 1181050 1181051 1183099 1179003 1176955 1176954 1176953 1176952 1176951 1176950 1176949 1176948 1178996 1181044 1181045 1181046 1183094 1183095 1185143 1185144 1185145 1185146 1187193 1187192 1187191 1187190 1185142 1185141 1183093 1183092 1178997 1174901 1178998 1174902 1172854 1172855 1172856 1172857 1178999 1174903 1174904 1174905 1174906 1183098 1179002 1183097 1179001 1181047 1183096 1179000
bot 13 15 vybu8oes 2095769353 2434750 52
owned 13 2434750 2434751 2434752 2434753 2436801 2432705 2430657 2430656 2430655 2430654 2430653 2430652 2430651 2430650 2432698 2434746 2434747 2434748 2436796 2436797 2438845 2438846 2438847 2438848 2440895 2440894 2440893 2440892 2438844 2438843 2436795 2436794 2432699 2428603 2432700 2428604 2426556 2426557 2426558 2426559 2432701 2428605 2428606 2428607 2428608 2436800 2432704 2436799 2432703 2434749 2436798 2432702
bot 14 16 tlx2iciq 1076827768 534900 52
owned 14 534900 534901 534902 534903 536951 532855 530807 530806 530805 530804 530803 530802 530801 530800 532848 534896 534897 534898 536946 536947 538995 538996 538997 538998 541045 541044 541043 541042 538994 538993 536945 536944 532849 528753 532850 528754 526706 526707 526708 526709 532851 528755 528756 528757 528758 536950 532854 536949 532853 534899 536948 532852
bot 15 17 8i7cuo9t 1041878418 1611090 52
owned 15 1611090 1611091 1611092 1611093 1613141 1609045 1606997 1606996 1606995 1606994 1606993 1606992 1606991 1606990 1609038 1611086 1611087 1611088 1613136 1613137 1615185 1615186 1615187 1615188 1617235 1617234 1617233 1617232 1615184 1615183 1613135 1613134 1609039 1604943 1609040 1604944 1602896 1602897 1602898 1602899 1609041 1604945 1604946 1604947 1604948 1613140 1609044 1613139 1609043 1611089 1613138 1609042
bot 16 18 ay8xa67r 1238569276 2215469 52
owned 16 2215469 2215470 2215471 2215472 2217520 2213424 2211376 2211375 2211374 2211373 2211372 2211371 2211370 2211369 2213417 2215465 2215466 2215467 2217515 2217516 2219564 2219565 2219566 2219567 2221614 2221613 2221612 2221611 2219563 2219562 2217514 2217513 2213418 2209322 2213419 2209323 2207275 2207276 2207277 2207278 2213420 2209324 2209325 2209326 2209327 2217519 2213423 2217518 2213422 2215468 2217517 2213421
bot 17 19 fha1xhrw -2086814691 1845038 52
owned 17 1845038 1845039 1845040 1845041 1847089 1842993 1840945 1840944 1840943 1840942 1840941 1840940 1840939 1840938 1842986 1845034 1845035 1845036 1847084 1847085 1849133 1849134 1849135 1849136 1851183 1851182 1851181 1851180 1849132 1849131 1847083 1847082 1842987 1838891 1842988 1838892 1836844 1836845 1836846 1836847 1842989 1838893 1838894 1838895 1838896 1847088 1842992 1847087 1842991 1845037 1847086 1842990
bot 18 20 0n5m7v7w 2006771567 1723818 52
owned 18 1723818 1723819 1723820 1723821 1725869 1721773 1719725 1719724 1719723 1719722 1719721 1719720 1719719 1719718 1721766 1723814 1723815 1723816 1725864 1725865 1727913 1727914 1727915 1727916 1729963 1729962 1729961 1729960 1727912 1727911 1725863 1725862 1721767 1717671 1721768 1717672 1715624 1715625 1715626 1715627 1721769 1717673 1717674 1717675 1717676 1725868 1721772 1725867 1721771 1723817 1725866 1721770
bot 19 21 g1kcotxi 1701193324 2740325 52
owned 19 2740325 2740326 2740327 2740328 2742376 2738280 2736232 2736231 2736230 2736229 2736228 2736227 2736226 2736225 2738273 2740321 2740322 2740323 2742371 2742372 2744420 2744421 2744422 2744423 2746470 2746469 2746468 2746467 2744419 2744418 2742370 2742369 2738274 2734178 2738275 2734179 2732131 2732132 2732133 2732134 2738276 2734180 2734181 2734182 2734183 2742375 2738279 2742374 2738278 2740324 2742373 2738277
bot 20 22 onu80sk7 2095760979 1606520 52
owned 20 1606520 1606521 1606522 1606523 1608571 1604475 1602427 1602426 1602425 1602424 1602423 1602422 1602421 1602420 1604468 1606516 1606517 1606518 1608566 1608567 1610615 1610616 1610617 1610618 1612665 1612664 1612663 1612662 1610614 1610613 1608565 1608564 1604469 1600373 1604470 1600374 1598326 1598327 1598328 1598329 1604471 1600375 1600376 1600377 1600378 1608570 1604474 1608569 1604473 1606519 1608568 1604472
bot 21 23 mt378h9n 2146580788 3779250 52
owned 21 3779250 3779251 3779252 3779253 3781301 3777205 3775157 3775156 3775155 3775154 3775153 3775152 3775151 3775150 3777198 3779246 3779247 3779248 3781296 3781297 3783345 3783346 3783347 3783348 3785395 3785394 3785393 3785392 3783344 3783343 3781295 3781294 3777199 3773103 3777200 3773104 3771056 3771057 3771058 3771059 3777201 3773105 3773106 3773107 3773108 3781300 3777204 3781299 3777203 3779249 3781298 3777202
bot 22 24 bo2xv2tw 494470294 1656424 52
owned 22 1656424 1656425 1656426 1656427 1658475 1654379 1652331 1652330 1652329 1652328 1652327 1652326 1652325 1652324 1654372 1656420 1656421 1656422 1658470 1658471 1660519 1660520 1660521 1660522 1662569 1662568 1662567 1662566 1660518 1660517 1658469 1658468 1654373 1650277 1654374 1650278 1648230 1648231 1648232 1648233 1654375 1650279 1650280 1650281 1650282 1658474 1654378 1658473 1654377 1656423 1658472 1654376
bot 23 25 4j0jwl8e 1716918454 1000707 52
owned 23 1000707 1000708 1000709 1000710 1002758 998662 996614 996613 996612 996611 996610 996609 996608 996607 998655 1000703 1000704 1000705 1002753 1002754 1004802 1004803 1004804 1004805 1006852 1006851 1006850 1006849 1004801 1004800 1002752 1002751 998656 994560 998657 994561 992513 992514 992515 992516 998658 994562 994563 994564 994565 1002757 998661 1002756 998660 1000706 1002755 998659
bot 24 26 2q1yboxl 255765212 4183066 52
owned 24 4183066 4183067 4183068 4183069 4185117 4181021 4178973 4178972 4178971 4178970 4178969 4178968 4178967 4178966 4181014 4183062 4183063 4183064 4185112 4185113 4187161 4187162 4187163 4187164 4189211 4189210 4189209 4189208 4187160 4187159 4185111 4185110 4181015 4176919 4181016 4176920 4174872 4174873 4174874 4174875 4181017 4176921 4176922 4176923 4176924 4185116 4181020 4185115 4181019 4183065 4185114 4181018
bot 25 27 uf1afynu 646231689 2576127 52
owned 25 2576127 2576128 2576129 2576130 2578178 2574082 2572034 2572033 2572032 2572031 2572030 2572029 2572028 2572027 2574075 2576123 2576124 2576125 2578173 2578174 2580222 2580223 2580224 2580225 2582272 2582271 2582270 2582269 2580221 2580220 2578172 2578171 2574076 2569980 2574077 2569981 2567933 2567934 2567935 2567936 2574078 2569982 2569983 2569984 2569985 2578177 2574081 2578176 2574080 2576126 2578175 2574079
bot 26 28 hnp5jsyu 1554719380 355594 52
owned 26 355594 355595 355596 355597 357645 353549 351501 351500 351499 351498 351497 351496 351495 351494 353542 355590 355591 355592 357640 357641 359689 359690 359691 359692 361739 361738 361737 361736 359688 359687 357639 357638 353543 349447 353544 349448 347400 347401 347402 347403 353545 349449 349450 349451 349452 357644 353548 357643 353547 355593 357642 353546
bot 27 29 3ks2xdvj 2013378221 4105850 52
owned 27 4105850 4105851 4105852 4105853 4107901 4103805 4101757 4101756 4101755 4101754 4101753 4101752 4101751 4101750 4103798 4105846 4105847 4105848 4107896 4107897 4109945 4109946 4109947 4109948 4111995 4111994 4111993 4111992 4109944 4109943 4107895 4107894 4103799 4099703 4103800 4099704 4097656 4097657 4097658 4097659 4103801 4099705 4099706 4099707 4099708 4107900 4103804 4107899 4103803 4105849 4107898 4103802
bot 28 30 6udu18l9 1164531456 759466 52
owned 28 759466 759467 759468 759469 761517 757421 755373 755372 755371 755370 755369 755368 755367 755366 757414 759462 759463 759464 761512 761513 763561 763562 763563 763564 765611 765610 765609 765608 763560 763559 761511 761510 757415 753319 757416 753320 751272 751273 751274 751275 757417 753321 753322 753323 753324 761516 757420 761515 757419 759465 761514 757418
bot 29 31 u9qkgxb0 358820289 261434 52
owned 29 261434 261435 261436 261437 263485 259389 257341 257340 257339 257338 257337 257336 257335 257334 259382 261430 261431 261432 263480 263481 265529 265530 265531 265532 267579 267578 267577 267576 265528 265527 263479 263478 259383 255287 259384 255288 253240 253241 253242 253243 259385 255289 255290 255291 255292 263484 259388 263483 259387 261433 263482 259386
bot 30 32 gxzvzcy1 2075804082 890169 52
owned 30 890169 890170 890171 890172 892220 888124 886076 886075 886074 886073 886072 886071 886070 886069 888117 890165 890166 890167 892215 892216 894264 894265 894266 894267 896314 896313 896312 896311 894263 894262 892214 892213 888118 884022 888119 884023 881975 881976 881977 881978 888120 884024 884025 884026 884027 892219 888123 892218 888122 890168 892217 888121
bot 31 33 soumc8lx 1964908793 3730665 52
owned 31 3730665 3730666 3730667 3730668 3732716 3728620 3726572 3726571 3726570 3726569 3726568 3726567 3726566 3726565 3728613 3730661 3730662 3730663 3732711 3732712 3734760 3734761 3734762 3734763 3736810 3736809 3736808 3736807 3734759 3734758 3732710 3732709 3728614 3724518 3728615 3724519 3722471 3722472 3722473 3722474 3728616 3724520 3724521 3724522 3724523 3732715 3728619 3732714 3728618 3730664 3732713 3728617
bot 32 34 pbtdxhy8 -1952436939 1978614 52
owned 32 1978614 1978615 1978616 1978617 1980665 1976569 1974521 1974520 1974519 1974518 1974517 1974516 1974515 1974514 1976562 1978610 1978611 1978612 1980660 1980661 1982709 1982710 1982711 1982712 1984759 1984758 1984757 1984756 1982708 1982707 1980659 1980658 1976563 1972467 1976564 1972468 1970420 1970421 1970422 1970423 1976565 1972469 1972470 1972471 1972472 1980664 1976568 1980663 1976567 1978613 1980662 1976566
bot 33 35 7qca320q 1722666588 685963 52
owned 33 685963 685964 685965 685966 688014 683918 681870 681869 681868 681867 681866 681865 681864 681863 683911 685959 685960 685961 688009 688010 690058 690059 690060 690061 692108 692107 692106 692105 690057 690056 688008 688007 683912 679816 683913 679817 677769 677770 677771 677772 683914 679818 679819 679820 679821 688013 683917 688012 683916 685962 688011 683915
bot 34 36 qu4dw13r 1935691025 3086598 52
owned 34 3086598 3086599 3086600 3086601 3088649 3084553 3082505 3082504 3082503 3082502 3082501 3082500 3082499 3082498 3084546 3086594 3086595 3086596 3088644 3088645 3090693 3090694 3090695 3090696 3092743 3092742 3092741 3092740 3090692 3090691 3088643 3088642 3084547 3080451 3084548 3080452 3078404 3078405 3078406 3078407 3084549 3080453 3080454 3080455 3080456 3088648 3084552 3088647 3084551 3086597 3088646 3084550
bot 35 37 uf42rmom 603403740 854356 52
owned 35 854356 854357 854358 854359 856407 852311 850263 850262 850261 850260 850259 850258 850257 850256 852304 854352 854353 854354 856402 856403 858451 858452 858453 858454 860501 860500 860499 860498 858450 858449 856401 856400 852305 848209 852306 848210 846162 846163 846164 846165 852307 848211 848212 848213 848214 856406 852310 856405 852309 854355 856404 852308
bot 36 38 5pzo5nyp -1978938492 2126286 52
owned 36 2126286 2126287 2126288 2126289 2128337 2124241 2122193 2122192 2122191 2122190 2122189 2122188 2122187 2122186 2124234 2126282 2126283 2126284 2128332 2128333 2130381 2130382 2130383 2130384 2132431 2132430 2132429 2132428 2130380 2130379 2128331 2128330 2124235 2120139 2124236 2120140 2118092 2118093 2118094 2118095 2124237 2120141 2120142 2120143 2120144 2128336 2124240 2128335 2124239 2126285 2128334 2124238
bot 37 39 lpeu6a40 1655789225 3245972 52
owned 37 3245972 3245973 3245974 3245975 3248023 3243927 3241879 3241878 3241877 3241876 3241875 3241874 3241873 3241872 3243920 3245968 3245969 3245970 3248018 3248019 3250067 3250068 3250069 3250070 3252117 3252116 3252115 3252114 3250066 3250065 3248017 3248016 3243921 3239825 3243922 3239826 3237778 3237779 3237780 3237781 3243923 3239827 3239828 3239829 3239830 3248022 3243926 3248021 3243925 3245971 3248020 3243924
bot 38 40 m01qyq41 -1925929108 1657066 52
owned 38 1657066 1657067 1657068 1657069 1659117 1655021 1652973 1652972 1652971 1652970 1652969 1652968 1652967 1652966 1655014 1657062 1657063 1657064 1659112 1659113 1661161 1661162 1661163 1661164 1663211 1663210 1663209 1663208 1661160 1661159 1659111 1659110 1655015 1650919 1655016 1650920 1648872 1648873 1648874 1648875 1655017 1650921 1650922 1650923 1650924 1659116 1655020 1659115 1655019 1657065 1659114 1655018
bot 39 41 qp5j7mcl 1825462711 3093580 52
owned 39 3093580 3093581 3093582 3093583 3095631 3091535 3089487 3089486 3089485 3089484 3089483 3089482 3089481 3089480 3091528 3093576 3093577 3093578 3095626 3095627 3097675 3097676 3097677 3097678 3099725 3099724 3099723 3099722 3097674 3097673 3095625 3095624 3091529 3087433 3091530 3087434 3085386 3085387 3085388 3085389 3091531 3087435 3087436 3087437 3087438 3095630 3091534 3095629 3091533 3093579 3095628 3091532
bot 40 42 daoks386 1879256123 2474934 52
owned 40 2474934 2474935 2474936 2474937 2476985 2472889 2470841 2470840 2470839 2470838 2470837 2470836 2470835 2470834 2472882 2474930 2474931 2474932 2476980 2476981 2479029 2479030 2479031 2479032 2481079 2481078 2481077 2481076 2479028 2479027 2476979 2476978 2472883 2468787 2472884 2468788 2466740 2466741 2466742 2466743 2472885 2468789 2468790 2468791 2468792 2476984 2472888 2476983 2472887 2474933 2476982 2472886
bot 41 43 1adrc0if 1860141724 625126 52
owned 41 625126 625127 625128 625129 627177 623081 621033 621032 621031 621030 621029 621028 621027 621026 623074 625122 625123 625124 627172 627173 629221 629222 629223 629224 631271 631270 631269 631268 629220 629219 627171 627170 623075 618979 623076 618980 616932 616933 616934 616935 623077 618981 618982 618983 618984 627176 623080 627175 623079 625125 627174 623078
bot 42 44 z2sjy7tl 1824294623 2517903 52
owned 42 2517903 2517904 2517905 2517906 2519954 2515858 2513810 2513809 2513808 2513807 2513806 2513805 2513804 2513803 2515851 2517899 2517900 2517901 2519949 2519950 2521998 2521999 2522000 2522001 2524048 2524047 2524046 2524045 2521997 2521996 2519948 2519947 2515852 2511756 2515853 2511757 2509709 2509710 2509711 2509712 2515854 2511758 2511759 2511760 2511761 2519953 2515857 2519952 2515856 2517902 2519951 2515855
bot 43 45 2a2pcqq2 1550573320 1114036 52
owned 43 1114036 1114037 1114038 1114039 1116087 1111991 1109943 1109942 1109941 1109940 1109939 1109938 1109937 1109936 1111984 1114032 1114033 1114034 1116082 1116083 1118131 1118132 1118133 1118134 1120181 1120180 1120179 1120178 1118130 1118129 1116081 1116080 1111985 1107889 1111986 1107890 1105842 1105843 1105844 1105845 1111987 1107891 1107892 1107893 1107894 1116086 1111990 1116085 1111989 1114035 1116084 1111988
bot 44 46 965x3zic 1651901379 1794270 52
owned 44 1794270 1794271 1794272 1794273 1796321 1792225 1790177 1790176 1790175 1790174 1790173 1790172 1790171 1790170 1792218 1794266 1794267 1794268 1796316 1796317 1798365 1798366 1798367 1798368 1800415 1800414 1800413 1800412 1798364 1798363 1796315 1796314 1792219 1788123 1792220 1788124 1786076 1786077 1786078 1786079 1792221 1788125 1788126 1788127 1788128 1796320 1792224 1796319 1792223 1794269 1796318 1792222
bot 45 47 yytwuuvv 643310337 2681750 52
owned 45 2681750 2681751 2681752 2681753 2683801 2679705 2677657 2677656 2677655 2677654 2677653 2677652 2677651 2677650 2679698 2681746 2681747 2681748 2683796 2683797 2685845 2685846 2685847 2685848 2687895 2687894 2687893 2687892 2685844 2685843 2683795 2683794 2679699 2675603 2679700 2675604 2673556 2673557 2673558 2673559 2679701 2675605 2675606 2675607 2675608 2683800 2679704 2683799 2679703 2681749 2683798 2679702
bot 46 48 0bq4zvkx -1953292478 2405432 52
owned 46 2405432 2405433 2405434 2405435 2407483 2403387 2401339 2401338 2401337 2401336 2401335 2401334 2401333 2401332 2403380 2405428 2405429 2405430 2407478 2407479 2409527 2409528 2409529 2409530 2411577 2411576 2411575 2411574 2409526 2409525 2407477 2407476 2403381 2399285 2403382 2399286 2397238 2397239 2397240 2397241 2403383 2399287 2399288 2399289 2399290 2407482 2403386 2407481 2403385 2405431 2407480 2403384
bot 47 49 fqo7elia -1958284618 1899327 52
owned 47 1899327 1899328 1899329 1899330 1901378 1897282 1895234 1895233 1895232 1895231 1895230 1895229 1895228 1895227 1897275 1899323 1899324 1899325 1901373 1901374 1903422 1903423 1903424 1903425 1905472 1905471 1905470 1905469 1903421 1903420 1901372 1901371 1897276 1893180 1897277 1893181 1891133 1891134 1891135 1891136 1897278 1893182 1893183 1893184 1893185 1901377 1897281 1901376 1897280 1899326 1901375 1897279
bot 48 50 xb2eodru 1511238585 3545945 52
owned 48 3545945 3545946 3545947 3545948 3547996 3543900 3541852 3541851 3541850 3541849 3541848 3541847 3541846 3541845 3543893 3545941 3545942 3545943 3547991 3547992 3550040 3550041 3550042 3550043 3552090 3552089 3552088 3552087 3550039 3550038 3547990 3547989 3543894 3539798 3543895 3539799 3537751 3537752 3537753 3537754 3543896 3539800 3539801 3539802 3539803 3547995 3543899 3547994 3543898 3545944 3547993 3543897
bot 49 51 dn2a1fmz 1672109513 909646 52
owned 49 909646 909647 909648 909649 911697 907601 905553 905552 905551 905550 905549 905548 905547 905546 907594 909642 909643 909644 911692 911693 913741 913742 913743 913744 915791 915790 915789 915788 913740 913739 911691 911690 907595 903499 907596 903500 901452 901453 901454 901455 907597 903501 903502 903503 903504 911696 907600 911695 907599 909645 911694 907598
bot 50 52 c657fqi1 1526829564 2402619 52
owned 50 2402619 2402620 2402621 2402622 2404670 2400574 2398526 2398525 2398524 2398523 2398522 2398521 2398520 2398519 2400567 2402615 2402616 2402617 2404665 2404666 2406714 2406715 2406716 2406717 2408764 2408763 2408762 2408761 2406713 2406712 2404664 2404663 2400568 2396472 2400569 2396473 2394425 2394426 2394427 2394428 2400570 2396474 2396475 2396476 2396477 2404669 2400573 2404668 2400572 2402618 2404667 2400571
bot 51 53 3oa0wbik 1465915324 1202722 52
owned 51 1202722 1202723 1202724 1202725 1204773 1200677 1198629 1198628 1198627 1198626 1198625 1198624 1198623 1198622 1200670 1202718 1202719 1202720 1204768 1204769 1206817 1206818 1206819 1206820 1208867 1208866 1208865 1208864 1206816 1206815 1204767 1204766 1200671 1196575 1200672 1196576 1194528 1194529 1194530 1194531 1200673 1196577 1196578 1196579 1196580 1204772 1200676 1204771 1200675 1202721 1204770 1200674
bot 52 54 bbor86ta 1160631798 2527875 52
owned 52 2527875 2527876 2527877 2527878 2529926 2525830 2523782 2523781 2523780 2523779 2523778 2523777 2523776 2523775 2525823 2527871 2527872 2527873 2529921 2529922 2531970 2531971 2531972 2531973 2534020 2534019 2534018 2534017 2531969 2531968 2529920 2529919 2525824 2521728 2525825 2521729 2519681 2519682 2519683 2519684 2525826 2521730 2521731 2521732 2521733 2529925 2525829 2529924 2525828 2527874 2529923 2525827
bot 53 55 ke481hq3 1735541677 353450 52
owned 53 353450 353451 353452 353453 355501 351405 349357 349356 349355 349354 349353 349352 349351 349350 351398 353446 353447 353448 355496 355497 357545 357546 357547 357548 359595 359594 359593 359592 357544 357543 355495 355494 351399 347303 351400 347304 345256 345257 345258 345259 351401 347305 347306 347307 347308 355500 351404 355499 351403 353449 355498 351402
bot 54 56 1p7me35b 2016093044 1871961 52
owned 54 1871961 1871962 1871963 1871964 1874012 1869916 1867868 1867867 1867866 1867865 1867864 1867863 1867862 1867861 1869909 1871957 1871958 1871959 1874007 1874008 1876056 1876057 1876058 1876059 1878106 1878105 1878104 1878103 1876055 1876054 1874006 1874005 1869910 1865814 1869911 1865815 1863767 1863768 1863769 1863770 1869912 1865816 1865817 1865818 1865819 1874011 1869915 1874010 1869914 1871960 1874009 1869913
bot 55 57 ros1fefm 336921379 1500478 52
owned 55 1500478 1500479 1500480 1500481 1502529 1498433 1496385 1496384 1496383 1496382 1496381 1496380 1496379 1496378 1498426 1500474 1500475 1500476 1502524 1502525 1504573 1504574 1504575 1504576 1506623 1506622 1506621 1506620 1504572 1504571 1502523 1502522 1498427 1494331 1498428 1494332 1492284 1492285 1492286 1492287 1498429 1494333 1494334 1494335 1494336 1502528 1498432 1502527 1498431 1500477 1502526 1498430
bot 56 58 bbj4439d 1361159728 185279 52
owned 56 185279 185280 185281 185282 187330 183234 181186 181185 181184 181183 181182 181181 181180 181179 183227 185275 185276 185277 187325 187326 189374 189375 189376 189377 191424 191423 191422 191421 189373 189372 187324 187323 183228 179132 183229 179133 177085 177086 177087 177088 183230 179134 179135 179136 179137 187329 183233 187328 183232 185278 187327 183231
bot 57 59 50euwmgf 756661700 907946 52
owned 57 907946 907947 907948 907949 909997 905901 903853 903852 903851 903850 903849 903848 903847 903846 905894 907942 907943 907944 909992 909993 912041 912042 912043 912044 914091 914090 914089 914088 912040 912039 909991 909990 905895 901799 905896 901800 899752 899753 899754 899755 905897 901801 901802 901803 901804 909996 905900 909995 905899 907945 909994 905898
bot 58 60 6ifrrqwg 1573288274 2856043 52
owned 58 2856043 2856044 2856045 2856046 2858094 2853998 2851950 2851949 2851948 2851947 2851946 2851945 2851944 2851943 2853991 2856039 2856040 2856041 2858089 2858090 2860138 2860139 2860140 2860141 2862188 2862187 2862186 2862185 2860137 2860136 2858088 2858087 2853992 2849896 2853993 2849897 2847849 2847850 2847851 2847852 2853994 2849898 2849899 2849900 2849901 2858093 2853997 2858092 2853996 2856042 2858091 2853995
bot 59 61 t3qojvzx 1884704811 513247 52
owned 59 513247 513248 513249 513250 515298 511202 509154 509153 509152 509151 509150 509149 509148 509147 511195 513243 513244 513245 515293 515294 517342 517343 517344 517345 519392 519391 519390 519389 517341 517340 515292 515291 511196 507100 511197 507101 505053 505054 505055 505056 511198 507102 507103 507104 507105 515297 511201 515296 511200 513246 515295 511199
bot 60 62 e39s2b1x 535357285 724374 52
owned 60 724374 724375 724376 724377 726425 722329 720281 720280 720279 720278 720277 720276 720275 720274 722322 724370 724371 724372 726420 726421 728469 728470 728471 728472 730519 730518 730517 730516 728468 728467 726419 726418 722323 718227 722324 718228 716180 716181 716182 716183 722325 718229 718230 718231 718232 726424 722328 726423 722327 724373 726422 722326
bot 61 63 8elalp3o 1664787462 4048480 52
owned 61 4048480 4048481 4048482 4048483 4050531 4046435 4044387 4044386 4044385 4044384 4044383 4044382 4044381 4044380 4046428 4048476 4048477 4048478 4050526 4050527 4052575 4052576 4052577 4052578 4054625 4054624 4054623 4054622 4052574 4052573 4050525 4050524 4046429 4042333 4046430 4042334 4040286 4040287 4040288 4040289 4046431 4042335 4042336 4042337 4042338 4050530 4046434 4050529 4046433 4048479 4050528 4046432
bot 62 64 drzdgt29 351372376 3485201 52
owned 62 3485201 3485202 3485203 3485204 3487252 3483156 3481108 3481107 3481106 3481105 3481104 3481103 3481102 3481101 3483149 3485197 3485198 3485199 3487247 3487248 3489296 3489297 3489298 3489299 3491346 3491345 3491344 3491343 3489295 3489294 3487246 3487245 3483150 3479054 3483151 3479055 3477007 3477008 3477009 3477010 3483152 3479056 3479057 3479058 3479059 3487251 3483155 3487250 3483154 3485200 3487249 3483153
bot 63 65 a5l13l40 409032466 4055722 52
owned 63 4055722 4055723 4055724 4055725 4057773 4053677 4051629 4051628 4051627 4051626 4051625 4051624 4051623 4051622 4053670 4055718 4055719 4055720 4057768 4057769 4059817 4059818 4059819 4059820 4061867 4061866 4061865 4061864 4059816 4059815 4057767 4057766 4053671 4049575 4053672 4049576 4047528 4047529 4047530 4047531 4053673 4049577 4049578 4049579 4049580 4057772 4053676 4057771 4053675 4055721 4057770 4053674
