# ofcuda_prng initial-state v1 (port spawn/initial state; engine-bit-exact)
# source reference /opt/data/workspaces/skg/ofcuda_matrix/out/matrix/refs/thebox_a18_nat0.spawn.txt
map thebox
seed parity
game_id QqkIuyke
game_hash 223241348
agents 18
nations 0
human_agents 1
width 2048
height 2048
min_dist 30
player 1 H nd8079oo -1 0 0
player 2 B 7kmb47oc 449033 1 52
player 3 B su965kfe 1794996 1 52
player 4 B 4918e5rs 3328214 1 52
player 5 B 0grah7qg 1250299 1 52
player 6 B 79lbhuod 127246 1 52
player 7 B 0eay8wsu 1770716 1 52
player 8 B l4g4juu8 2107776 1 52
player 9 B gsw4n5km 3754482 1 52
player 10 B ooz4f963 3643254 1 52
player 11 B g49bog52 1320508 1 52
player 12 B vl3arc4y 1962439 1 52
player 13 B 26spmsu2 1661911 1 52
player 14 B 666fmd2f 1181048 1 52
player 15 B vybu8oes 2434750 1 52
player 16 B tlx2iciq 534900 1 52
player 17 B 8i7cuo9t 1611090 1 52
player 18 B ay8xa67r 2215469 1 52
player 19 B fha1xhrw 1845038 1 52
bot 0 2 7kmb47oc 979863364 449033 52
owned 0 449033 449034 449035 449036 451084 446988 444940 444939 444938 444937 444936 444935 444934 444933 446981 449029 449030 449031 451079 451080 453128 453129 453130 453131 455178 455177 455176 455175 453127 453126 451078 451077 446982 442886 446983 442887 440839 440840 440841 440842 446984 442888 442889 442890 442891 451083 446987 451082 446986 449032 451081 446985
bot 1 3 su965kfe 1225099288 1794996 52
owned 1 1794996 1794997 1794998 1794999 1797047 1792951 1790903 1790902 1790901 1790900 1790899 1790898 1790897 1790896 1792944 1794992 1794993 1794994 1797042 1797043 1799091 1799092 1799093 1799094 1801141 1801140 1801139 1801138 1799090 1799089 1797041 1797040 1792945 1788849 1792946 1788850 1786802 1786803 1786804 1786805 1792947 1788851 1788852 1788853 1788854 1797046 1792950 1797045 1792949 1794995 1797044 1792948
bot 2 4 4918e5rs 1160776865 3328214 52
owned 2 3328214 3328215 3328216 3328217 3330265 3326169 3324121 3324120 3324119 3324118 3324117 3324116 3324115 3324114 3326162 3328210 3328211 3328212 3330260 3330261 3332309 3332310 3332311 3332312 3334359 3334358 3334357 3334356 3332308 3332307 3330259 3330258 3326163 3322067 3326164 3322068 3320020 3320021 3320022 3320023 3326165 3322069 3322070 3322071 3322072 3330264 3326168 3330263 3326167 3328213 3330262 3326166
bot 3 5 0grah7qg -2107334215 1250299 52
owned 3 1250299 1250300 1250301 1250302 1252350 1248254 1246206 1246205 1246204 1246203 1246202 1246201 1246200 1246199 1248247 1250295 1250296 1250297 1252345 1252346 1254394 1254395 1254396 1254397 1256444 1256443 1256442 1256441 1254393 1254392 1252344 1252343 1248248 1244152 1248249 1244153 1242105 1242106 1242107 1242108 1248250 1244154 1244155 1244156 1244157 1252349 1248253 1252348 1248252 1250298 1252347 1248251
bot 4 6 79lbhuod 919150858 127246 52
owned 4 127246 127247 127248 127249 129297 125201 123153 123152 123151 123150 123149 123148 123147 123146 125194 127242 127243 127244 129292 129293 131341 131342 131343 131344 133391 133390 133389 133388 131340 131339 129291 129290 125195 121099 125196 121100 119052 119053 119054 119055 125197 121101 121102 121103 121104 129296 125200 129295 125199 127245 129294 125198
bot 5 7 0eay8wsu 312910098 1770716 52
owned 5 1770716 1770717 1770718 1770719 1772767 1768671 1766623 1766622 1766621 1766620 1766619 1766618 1766617 1766616 1768664 1770712 1770713 1770714 1772762 1772763 1774811 1774812 1774813 1774814 1776861 1776860 1776859 1776858 1774810 1774809 1772761 1772760 1768665 1764569 1768666 1764570 1762522 1762523 1762524 1762525 1768667 1764571 1764572 1764573 1764574 1772766 1768670 1772765 1768669 1770715 1772764 1768668
bot 6 8 l4g4juu8 1373847271 2107776 52
owned 6 2107776 2107777 2107778 2107779 2109827 2105731 2103683 2103682 2103681 2103680 2103679 2103678 2103677 2103676 2105724 2107772 2107773 2107774 2109822 2109823 2111871 2111872 2111873 2111874 2113921 2113920 2113919 2113918 2111870 2111869 2109821 2109820 2105725 2101629 2105726 2101630 2099582 2099583 2099584 2099585 2105727 2101631 2101632 2101633 2101634 2109826 2105730 2109825 2105729 2107775 2109824 2105728
bot 7 9 gsw4n5km 1786011062 3754482 52
owned 7 3754482 3754483 3754484 3754485 3756533 3752437 3750389 3750388 3750387 3750386 3750385 3750384 3750383 3750382 3752430 3754478 3754479 3754480 3756528 3756529 3758577 3758578 3758579 3758580 3760627 3760626 3760625 3760624 3758576 3758575 3756527 3756526 3752431 3748335 3752432 3748336 3746288 3746289 3746290 3746291 3752433 3748337 3748338 3748339 3748340 3756532 3752436 3756531 3752435 3754481 3756530 3752434
bot 8 10 ooz4f963 1067254298 3643254 52
owned 8 3643254 3643255 3643256 3643257 3645305 3641209 3639161 3639160 3639159 3639158 3639157 3639156 3639155 3639154 3641202 3643250 3643251 3643252 3645300 3645301 3647349 3647350 3647351 3647352 3649399 3649398 3649397 3649396 3647348 3647347 3645299 3645298 3641203 3637107 3641204 3637108 3635060 3635061 3635062 3635063 3641205 3637109 3637110 3637111 3637112 3645304 3641208 3645303 3641207 3643253 3645302 3641206
bot 9 11 g49bog52 471077977 1320508 52
owned 9 1320508 1320509 1320510 1320511 1322559 1318463 1316415 1316414 1316413 1316412 1316411 1316410 1316409 1316408 1318456 1320504 1320505 1320506 1322554 1322555 1324603 1324604 1324605 1324606 1326653 1326652 1326651 1326650 1324602 1324601 1322553 1322552 1318457 1314361 1318458 1314362 1312314 1312315 1312316 1312317 1318459 1314363 1314364 1314365 1314366 1322558 1318462 1322557 1318461 1320507 1322556 1318460
bot 10 12 vl3arc4y 2110741002 1962439 52
owned 10 1962439 1962440 1962441 1962442 1964490 1960394 1958346 1958345 1958344 1958343 1958342 1958341 1958340 1958339 1960387 1962435 1962436 1962437 1964485 1964486 1966534 1966535 1966536 1966537 1968584 1968583 1968582 1968581 1966533 1966532 1964484 1964483 1960388 1956292 1960389 1956293 1954245 1954246 1954247 1954248 1960390 1956294 1956295 1956296 1956297 1964489 1960393 1964488 1960392 1962438 1964487 1960391
bot 11 13 26spmsu2 1249151528 1661911 52
owned 11 1661911 1661912 1661913 1661914 1663962 1659866 1657818 1657817 1657816 1657815 1657814 1657813 1657812 1657811 1659859 1661907 1661908 1661909 1663957 1663958 1666006 1666007 1666008 1666009 1668056 1668055 1668054 1668053 1666005 1666004 1663956 1663955 1659860 1655764 1659861 1655765 1653717 1653718 1653719 1653720 1659862 1655766 1655767 1655768 1655769 1663961 1659865 1663960 1659864 1661910 1663959 1659863
bot 12 14 666fmd2f -2125171585 1181048 52
owned 12 1181048 1181049 1181050 1181051 1183099 1179003 1176955 1176954 1176953 1176952 1176951 1176950 1176949 1176948 1178996 1181044 1181045 1181046 1183094 1183095 1185143 1185144 1185145 1185146 1187193 1187192 1187191 1187190 1185142 1185141 1183093 1183092 1178997 1174901 1178998 1174902 1172854 1172855 1172856 1172857 1178999 1174903 1174904 1174905 1174906 1183098 1179002 1183097 1179001 1181047 1183096 1179000
bot 13 15 vybu8oes 2095769353 2434750 52
owned 13 2434750 2434751 2434752 2434753 2436801 2432705 2430657 2430656 2430655 2430654 2430653 2430652 2430651 2430650 2432698 2434746 2434747 2434748 2436796 2436797 2438845 2438846 2438847 2438848 2440895 2440894 2440893 2440892 2438844 2438843 2436795 2436794 2432699 2428603 2432700 2428604 2426556 2426557 2426558 2426559 2432701 2428605 2428606 2428607 2428608 2436800 2432704 2436799 2432703 2434749 2436798 2432702
bot 14 16 tlx2iciq 1076827768 534900 52
owned 14 534900 534901 534902 534903 536951 532855 530807 530806 530805 530804 530803 530802 530801 530800 532848 534896 534897 534898 536946 536947 538995 538996 538997 538998 541045 541044 541043 541042 538994 538993 536945 536944 532849 528753 532850 528754 526706 526707 526708 526709 532851 528755 528756 528757 528758 536950 532854 536949 532853 534899 536948 532852
bot 15 17 8i7cuo9t 1041878418 1611090 52
owned 15 1611090 1611091 1611092 1611093 1613141 1609045 1606997 1606996 1606995 1606994 1606993 1606992 1606991 1606990 1609038 1611086 1611087 1611088 1613136 1613137 1615185 1615186 1615187 1615188 1617235 1617234 1617233 1617232 1615184 1615183 1613135 1613134 1609039 1604943 1609040 1604944 1602896 1602897 1602898 1602899 1609041 1604945 1604946 1604947 1604948 1613140 1609044 1613139 1609043 1611089 1613138 1609042
bot 16 18 ay8xa67r 1238569276 2215469 52
owned 16 2215469 2215470 2215471 2215472 2217520 2213424 2211376 2211375 2211374 2211373 2211372 2211371 2211370 2211369 2213417 2215465 2215466 2215467 2217515 2217516 2219564 2219565 2219566 2219567 2221614 2221613 2221612 2221611 2219563 2219562 2217514 2217513 2213418 2209322 2213419 2209323 2207275 2207276 2207277 2207278 2213420 2209324 2209325 2209326 2209327 2217519 2213423 2217518 2213422 2215468 2217517 2213421
bot 17 19 fha1xhrw -2086814691 1845038 52
owned 17 1845038 1845039 1845040 1845041 1847089 1842993 1840945 1840944 1840943 1840942 1840941 1840940 1840939 1840938 1842986 1845034 1845035 1845036 1847084 1847085 1849133 1849134 1849135 1849136 1851183 1851182 1851181 1851180 1849132 1849131 1847083 1847082 1842987 1838891 1842988 1838892 1836844 1836845 1836846 1836847 1842989 1838893 1838894 1838895 1838896 1847088 1842992 1847087 1842991 1845037 1847086 1842990
