# ofcuda_prng initial-state v1 (port spawn/initial state; engine-bit-exact)
# source reference /opt/data/workspaces/skg/ofcuda_matrix/out/matrix/refs/world_a64_nat0.spawn.txt
map world
seed parity
game_id QqkIuyke
game_hash 223241348
agents 64
nations 0
human_agents 1
width 2000
height 1000
min_dist 30
player 1 H nd8079oo -1 0 0
player 2 B 7kmb47oc 279544 1 52
player 3 B su965kfe 854926 1 52
player 4 B 4918e5rs 1534553 1 52
player 5 B 0grah7qg 516438 1 52
player 6 B 79lbhuod 179564 1 52
player 7 B 0eay8wsu 715183 1 52
player 8 B l4g4juu8 1889222 1 52
player 9 B gsw4n5km 721531 1 52
player 10 B ooz4f963 689507 1 52
player 11 B g49bog52 629559 1 52
player 12 B vl3arc4y 247872 1 52
player 13 B 26spmsu2 792960 1 52
player 14 B 666fmd2f 563367 1 52
player 15 B vybu8oes 449176 1 52
player 16 B tlx2iciq 254364 1 52
player 17 B 8i7cuo9t 1172673 1 52
player 18 B ay8xa67r 1096589 1 52
player 19 B fha1xhrw 360519 1 52
player 20 B 0n5m7v7w 456396 1 52
player 21 B g1kcotxi 227443 1 52
player 22 B onu80sk7 766867 1 52
player 23 B mt378h9n 299123 1 52
player 24 B bo2xv2tw 906894 1 52
player 25 B 4j0jwl8e 477253 1 52
player 26 B 2q1yboxl 1995026 1 48
player 27 B uf1afynu 1457721 1 52
player 28 B hnp5jsyu 1213211 1 52
player 29 B 3ks2xdvj 1957619 1 52
player 30 B 6udu18l9 361666 1 52
player 31 B u9qkgxb0 1387631 1 52
player 32 B gxzvzcy1 425305 1 52
player 33 B soumc8lx 1936397 1 52
player 34 B pbtdxhy8 1895364 1 52
player 35 B 7qca320q 1018564 1 52
player 36 B qu4dw13r 479539 1 52
player 37 B uf42rmom 408332 1 52
player 38 B 5pzo5nyp 195938 1 52
player 39 B lpeu6a40 1547894 1 52
player 40 B m01qyq41 262332 1 52
player 41 B qp5j7mcl 599151 1 52
player 42 B daoks386 177532 1 52
player 43 B 1adrc0if 144328 1 52
player 44 B z2sjy7tl 462489 1 52
player 45 B 2a2pcqq2 679250 1 52
player 46 B 965x3zic 1498540 1 52
player 47 B yytwuuvv 277065 1 52
player 48 B 0bq4zvkx 1147055 1 52
player 49 B fqo7elia 853032 1 52
player 50 B xb2eodru 757193 1 52
player 51 B dn2a1fmz 53479 1 52
player 52 B c657fqi1 905104 1 52
player 53 B 3oa0wbik 1943823 1 52
player 54 B bbor86ta 1204628 1 52
player 55 B ke481hq3 771235 1 52
player 56 B 1p7me35b 461477 1 52
player 57 B ros1fefm 715311 1 52
player 58 B bbj4439d 230302 1 52
player 59 B 50euwmgf 427137 1 52
player 60 B 6ifrrqwg 1363104 1 52
player 61 B t3qojvzx 245218 1 52
player 62 B e39s2b1x 345396 1 52
player 63 B 8elalp3o 1931594 1 52
player 64 B drzdgt29 795111 1 52
player 65 B a5l13l40 231520 1 52
bot 0 2 7kmb47oc 979863364 279544 52
owned 0 279544 279545 279546 279547 281547 277547 275547 275546 275545 275544 275543 275542 275541 275540 277540 279540 279541 279542 281542 281543 283543 283544 283545 283546 285545 285544 285543 285542 283542 283541 281541 281540 277541 273541 277542 273542 271542 271543 271544 271545 277543 273543 273544 273545 273546 281546 277546 281545 277545 279543 281544 277544
bot 1 3 su965kfe 1225099288 854926 52
owned 1 854926 854927 854928 854929 856929 852929 850929 850928 850927 850926 850925 850924 850923 850922 852922 854922 854923 854924 856924 856925 858925 858926 858927 858928 860927 860926 860925 860924 858924 858923 856923 856922 852923 848923 852924 848924 846924 846925 846926 846927 852925 848925 848926 848927 848928 856928 852928 856927 852927 854925 856926 852926
bot 2 4 4918e5rs 1160776865 1534553 52
owned 2 1534553 1534554 1534555 1534556 1536556 1532556 1530556 1530555 1530554 1530553 1530552 1530551 1530550 1530549 1532549 1534549 1534550 1534551 1536551 1536552 1538552 1538553 1538554 1538555 1540554 1540553 1540552 1540551 1538551 1538550 1536550 1536549 1532550 1528550 1532551 1528551 1526551 1526552 1526553 1526554 1532552 1528552 1528553 1528554 1528555 1536555 1532555 1536554 1532554 1534552 1536553 1532553
bot 3 5 0grah7qg -2107334215 516438 52
owned 3 516438 516439 516440 516441 518441 514441 512441 512440 512439 512438 512437 512436 512435 512434 514434 516434 516435 516436 518436 518437 520437 520438 520439 520440 522439 522438 522437 522436 520436 520435 518435 518434 514435 510435 514436 510436 508436 508437 508438 508439 514437 510437 510438 510439 510440 518440 514440 518439 514439 516437 518438 514438
bot 4 6 79lbhuod 919150858 179564 52
owned 4 179564 179565 179566 179567 181567 177567 175567 175566 175565 175564 175563 175562 175561 175560 177560 179560 179561 179562 181562 181563 183563 183564 183565 183566 185565 185564 185563 185562 183562 183561 181561 181560 177561 173561 177562 173562 171562 171563 171564 171565 177563 173563 173564 173565 173566 181566 177566 181565 177565 179563 181564 177564
bot 5 7 0eay8wsu 312910098 715183 52
owned 5 715183 715184 715185 715186 717186 713186 711186 711185 711184 711183 711182 711181 711180 711179 713179 715179 715180 715181 717181 717182 719182 719183 719184 719185 721184 721183 721182 721181 719181 719180 717180 717179 713180 709180 713181 709181 707181 707182 707183 707184 713182 709182 709183 709184 709185 717185 713185 717184 713184 715182 717183 713183
bot 6 8 l4g4juu8 1373847271 1889222 52
owned 6 1889222 1889223 1889224 1889225 1891225 1887225 1885225 1885224 1885223 1885222 1885221 1885220 1885219 1885218 1887218 1889218 1889219 1889220 1891220 1891221 1893221 1893222 1893223 1893224 1895223 1895222 1895221 1895220 1893220 1893219 1891219 1891218 1887219 1883219 1887220 1883220 1881220 1881221 1881222 1881223 1887221 1883221 1883222 1883223 1883224 1891224 1887224 1891223 1887223 1889221 1891222 1887222
bot 7 9 gsw4n5km 1786011062 721531 52
owned 7 721531 721532 721533 721534 723534 719534 717534 717533 717532 717531 717530 717529 717528 717527 719527 721527 721528 721529 723529 723530 725530 725531 725532 725533 727532 727531 727530 727529 725529 725528 723528 723527 719528 715528 719529 715529 713529 713530 713531 713532 719530 715530 715531 715532 715533 723533 719533 723532 719532 721530 723531 719531
bot 8 10 ooz4f963 1067254298 689507 52
owned 8 689507 689508 689509 689510 691510 687510 685510 685509 685508 685507 685506 685505 685504 685503 687503 689503 689504 689505 691505 691506 693506 693507 693508 693509 695508 695507 695506 695505 693505 693504 691504 691503 687504 683504 687505 683505 681505 681506 681507 681508 687506 683506 683507 683508 683509 691509 687509 691508 687508 689506 691507 687507
bot 9 11 g49bog52 471077977 629559 52
owned 9 629559 629560 629561 629562 631562 627562 625562 625561 625560 625559 625558 625557 625556 625555 627555 629555 629556 629557 631557 631558 633558 633559 633560 633561 635560 635559 635558 635557 633557 633556 631556 631555 627556 623556 627557 623557 621557 621558 621559 621560 627558 623558 623559 623560 623561 631561 627561 631560 627560 629558 631559 627559
bot 10 12 vl3arc4y 2110741002 247872 52
owned 10 247872 247873 247874 247875 249875 245875 243875 243874 243873 243872 243871 243870 243869 243868 245868 247868 247869 247870 249870 249871 251871 251872 251873 251874 253873 253872 253871 253870 251870 251869 249869 249868 245869 241869 245870 241870 239870 239871 239872 239873 245871 241871 241872 241873 241874 249874 245874 249873 245873 247871 249872 245872
bot 11 13 26spmsu2 1249151528 792960 52
owned 11 792960 792961 792962 792963 794963 790963 788963 788962 788961 788960 788959 788958 788957 788956 790956 792956 792957 792958 794958 794959 796959 796960 796961 796962 798961 798960 798959 798958 796958 796957 794957 794956 790957 786957 790958 786958 784958 784959 784960 784961 790959 786959 786960 786961 786962 794962 790962 794961 790961 792959 794960 790960
bot 12 14 666fmd2f -2125171585 563367 52
owned 12 563367 563368 563369 563370 565370 561370 559370 559369 559368 559367 559366 559365 559364 559363 561363 563363 563364 563365 565365 565366 567366 567367 567368 567369 569368 569367 569366 569365 567365 567364 565364 565363 561364 557364 561365 557365 555365 555366 555367 555368 561366 557366 557367 557368 557369 565369 561369 565368 561368 563366 565367 561367
bot 13 15 vybu8oes 2095769353 449176 52
owned 13 449176 449177 449178 449179 451179 447179 445179 445178 445177 445176 445175 445174 445173 445172 447172 449172 449173 449174 451174 451175 453175 453176 453177 453178 455177 455176 455175 455174 453174 453173 451173 451172 447173 443173 447174 443174 441174 441175 441176 441177 447175 443175 443176 443177 443178 451178 447178 451177 447177 449175 451176 447176
bot 14 16 tlx2iciq 1076827768 254364 52
owned 14 254364 254365 254366 254367 256367 252367 250367 250366 250365 250364 250363 250362 250361 250360 252360 254360 254361 254362 256362 256363 258363 258364 258365 258366 260365 260364 260363 260362 258362 258361 256361 256360 252361 248361 252362 248362 246362 246363 246364 246365 252363 248363 248364 248365 248366 256366 252366 256365 252365 254363 256364 252364
bot 15 17 8i7cuo9t 1041878418 1172673 52
owned 15 1172673 1172674 1172675 1172676 1174676 1170676 1168676 1168675 1168674 1168673 1168672 1168671 1168670 1168669 1170669 1172669 1172670 1172671 1174671 1174672 1176672 1176673 1176674 1176675 1178674 1178673 1178672 1178671 1176671 1176670 1174670 1174669 1170670 1166670 1170671 1166671 1164671 1164672 1164673 1164674 1170672 1166672 1166673 1166674 1166675 1174675 1170675 1174674 1170674 1172672 1174673 1170673
bot 16 18 ay8xa67r 1238569276 1096589 52
owned 16 1096589 1096590 1096591 1096592 1098592 1094592 1092592 1092591 1092590 1092589 1092588 1092587 1092586 1092585 1094585 1096585 1096586 1096587 1098587 1098588 1100588 1100589 1100590 1100591 1102590 1102589 1102588 1102587 1100587 1100586 1098586 1098585 1094586 1090586 1094587 1090587 1088587 1088588 1088589 1088590 1094588 1090588 1090589 1090590 1090591 1098591 1094591 1098590 1094590 1096588 1098589 1094589
bot 17 19 fha1xhrw -2086814691 360519 52
owned 17 360519 360520 360521 360522 362522 358522 356522 356521 356520 356519 356518 356517 356516 356515 358515 360515 360516 360517 362517 362518 364518 364519 364520 364521 366520 366519 366518 366517 364517 364516 362516 362515 358516 354516 358517 354517 352517 352518 352519 352520 358518 354518 354519 354520 354521 362521 358521 362520 358520 360518 362519 358519
bot 18 20 0n5m7v7w 2006771567 456396 52
owned 18 456396 456397 456398 456399 458399 454399 452399 452398 452397 452396 452395 452394 452393 452392 454392 456392 456393 456394 458394 458395 460395 460396 460397 460398 462397 462396 462395 462394 460394 460393 458393 458392 454393 450393 454394 450394 448394 448395 448396 448397 454395 450395 450396 450397 450398 458398 454398 458397 454397 456395 458396 454396
bot 19 21 g1kcotxi 1701193324 227443 52
owned 19 227443 227444 227445 227446 229446 225446 223446 223445 223444 223443 223442 223441 223440 223439 225439 227439 227440 227441 229441 229442 231442 231443 231444 231445 233444 233443 233442 233441 231441 231440 229440 229439 225440 221440 225441 221441 219441 219442 219443 219444 225442 221442 221443 221444 221445 229445 225445 229444 225444 227442 229443 225443
bot 20 22 onu80sk7 2095760979 766867 52
owned 20 766867 766868 766869 766870 768870 764870 762870 762869 762868 762867 762866 762865 762864 762863 764863 766863 766864 766865 768865 768866 770866 770867 770868 770869 772868 772867 772866 772865 770865 770864 768864 768863 764864 760864 764865 760865 758865 758866 758867 758868 764866 760866 760867 760868 760869 768869 764869 768868 764868 766866 768867 764867
bot 21 23 mt378h9n 2146580788 299123 52
owned 21 299123 299124 299125 299126 301126 297126 295126 295125 295124 295123 295122 295121 295120 295119 297119 299119 299120 299121 301121 301122 303122 303123 303124 303125 305124 305123 305122 305121 303121 303120 301120 301119 297120 293120 297121 293121 291121 291122 291123 291124 297122 293122 293123 293124 293125 301125 297125 301124 297124 299122 301123 297123
bot 22 24 bo2xv2tw 494470294 906894 52
owned 22 906894 906895 906896 906897 908897 904897 902897 902896 902895 902894 902893 902892 902891 902890 904890 906890 906891 906892 908892 908893 910893 910894 910895 910896 912895 912894 912893 912892 910892 910891 908891 908890 904891 900891 904892 900892 898892 898893 898894 898895 904893 900893 900894 900895 900896 908896 904896 908895 904895 906893 908894 904894
bot 23 25 4j0jwl8e 1716918454 477253 52
owned 23 477253 477254 477255 477256 479256 475256 473256 473255 473254 473253 473252 473251 473250 473249 475249 477249 477250 477251 479251 479252 481252 481253 481254 481255 483254 483253 483252 483251 481251 481250 479250 479249 475250 471250 475251 471251 469251 469252 469253 469254 475252 471252 471253 471254 471255 479255 475255 479254 475254 477252 479253 475253
bot 24 26 2q1yboxl 255765212 1995026 48
owned 24 1995026 1995027 1995028 1995029 1997029 1993029 1991029 1991028 1991027 1991026 1991025 1991024 1991023 1991022 1993022 1995022 1995023 1995024 1997024 1997025 1999025 1999026 1999027 1999028 1999024 1999023 1997023 1997022 1993023 1989023 1993024 1989024 1987024 1987025 1987026 1987027 1993025 1989025 1989026 1989027 1989028 1997028 1993028 1997027 1993027 1995025 1997026 1993026
bot 25 27 uf1afynu 646231689 1457721 52
owned 25 1457721 1457722 1457723 1457724 1459724 1455724 1453724 1453723 1453722 1453721 1453720 1453719 1453718 1453717 1455717 1457717 1457718 1457719 1459719 1459720 1461720 1461721 1461722 1461723 1463722 1463721 1463720 1463719 1461719 1461718 1459718 1459717 1455718 1451718 1455719 1451719 1449719 1449720 1449721 1449722 1455720 1451720 1451721 1451722 1451723 1459723 1455723 1459722 1455722 1457720 1459721 1455721
bot 26 28 hnp5jsyu 1554719380 1213211 52
owned 26 1213211 1213212 1213213 1213214 1215214 1211214 1209214 1209213 1209212 1209211 1209210 1209209 1209208 1209207 1211207 1213207 1213208 1213209 1215209 1215210 1217210 1217211 1217212 1217213 1219212 1219211 1219210 1219209 1217209 1217208 1215208 1215207 1211208 1207208 1211209 1207209 1205209 1205210 1205211 1205212 1211210 1207210 1207211 1207212 1207213 1215213 1211213 1215212 1211212 1213210 1215211 1211211
bot 27 29 3ks2xdvj 2013378221 1957619 52
owned 27 1957619 1957620 1957621 1957622 1959622 1955622 1953622 1953621 1953620 1953619 1953618 1953617 1953616 1953615 1955615 1957615 1957616 1957617 1959617 1959618 1961618 1961619 1961620 1961621 1963620 1963619 1963618 1963617 1961617 1961616 1959616 1959615 1955616 1951616 1955617 1951617 1949617 1949618 1949619 1949620 1955618 1951618 1951619 1951620 1951621 1959621 1955621 1959620 1955620 1957618 1959619 1955619
bot 28 30 6udu18l9 1164531456 361666 52
owned 28 361666 361667 361668 361669 363669 359669 357669 357668 357667 357666 357665 357664 357663 357662 359662 361662 361663 361664 363664 363665 365665 365666 365667 365668 367667 367666 367665 367664 365664 365663 363663 363662 359663 355663 359664 355664 353664 353665 353666 353667 359665 355665 355666 355667 355668 363668 359668 363667 359667 361665 363666 359666
bot 29 31 u9qkgxb0 358820289 1387631 52
owned 29 1387631 1387632 1387633 1387634 1389634 1385634 1383634 1383633 1383632 1383631 1383630 1383629 1383628 1383627 1385627 1387627 1387628 1387629 1389629 1389630 1391630 1391631 1391632 1391633 1393632 1393631 1393630 1393629 1391629 1391628 1389628 1389627 1385628 1381628 1385629 1381629 1379629 1379630 1379631 1379632 1385630 1381630 1381631 1381632 1381633 1389633 1385633 1389632 1385632 1387630 1389631 1385631
bot 30 32 gxzvzcy1 2075804082 425305 52
owned 30 425305 425306 425307 425308 427308 423308 421308 421307 421306 421305 421304 421303 421302 421301 423301 425301 425302 425303 427303 427304 429304 429305 429306 429307 431306 431305 431304 431303 429303 429302 427302 427301 423302 419302 423303 419303 417303 417304 417305 417306 423304 419304 419305 419306 419307 427307 423307 427306 423306 425304 427305 423305
bot 31 33 soumc8lx 1964908793 1936397 52
owned 31 1936397 1936398 1936399 1936400 1938400 1934400 1932400 1932399 1932398 1932397 1932396 1932395 1932394 1932393 1934393 1936393 1936394 1936395 1938395 1938396 1940396 1940397 1940398 1940399 1942398 1942397 1942396 1942395 1940395 1940394 1938394 1938393 1934394 1930394 1934395 1930395 1928395 1928396 1928397 1928398 1934396 1930396 1930397 1930398 1930399 1938399 1934399 1938398 1934398 1936396 1938397 1934397
bot 32 34 pbtdxhy8 -1952436939 1895364 52
owned 32 1895364 1895365 1895366 1895367 1897367 1893367 1891367 1891366 1891365 1891364 1891363 1891362 1891361 1891360 1893360 1895360 1895361 1895362 1897362 1897363 1899363 1899364 1899365 1899366 1901365 1901364 1901363 1901362 1899362 1899361 1897361 1897360 1893361 1889361 1893362 1889362 1887362 1887363 1887364 1887365 1893363 1889363 1889364 1889365 1889366 1897366 1893366 1897365 1893365 1895363 1897364 1893364
bot 33 35 7qca320q 1722666588 1018564 52
owned 33 1018564 1018565 1018566 1018567 1020567 1016567 1014567 1014566 1014565 1014564 1014563 1014562 1014561 1014560 1016560 1018560 1018561 1018562 1020562 1020563 1022563 1022564 1022565 1022566 1024565 1024564 1024563 1024562 1022562 1022561 1020561 1020560 1016561 1012561 1016562 1012562 1010562 1010563 1010564 1010565 1016563 1012563 1012564 1012565 1012566 1020566 1016566 1020565 1016565 1018563 1020564 1016564
bot 34 36 qu4dw13r 1935691025 479539 52
owned 34 479539 479540 479541 479542 481542 477542 475542 475541 475540 475539 475538 475537 475536 475535 477535 479535 479536 479537 481537 481538 483538 483539 483540 483541 485540 485539 485538 485537 483537 483536 481536 481535 477536 473536 477537 473537 471537 471538 471539 471540 477538 473538 473539 473540 473541 481541 477541 481540 477540 479538 481539 477539
bot 35 37 uf42rmom 603403740 408332 52
owned 35 408332 408333 408334 408335 410335 406335 404335 404334 404333 404332 404331 404330 404329 404328 406328 408328 408329 408330 410330 410331 412331 412332 412333 412334 414333 414332 414331 414330 412330 412329 410329 410328 406329 402329 406330 402330 400330 400331 400332 400333 406331 402331 402332 402333 402334 410334 406334 410333 406333 408331 410332 406332
bot 36 38 5pzo5nyp -1978938492 195938 52
owned 36 195938 195939 195940 195941 197941 193941 191941 191940 191939 191938 191937 191936 191935 191934 193934 195934 195935 195936 197936 197937 199937 199938 199939 199940 201939 201938 201937 201936 199936 199935 197935 197934 193935 189935 193936 189936 187936 187937 187938 187939 193937 189937 189938 189939 189940 197940 193940 197939 193939 195937 197938 193938
bot 37 39 lpeu6a40 1655789225 1547894 52
owned 37 1547894 1547895 1547896 1547897 1549897 1545897 1543897 1543896 1543895 1543894 1543893 1543892 1543891 1543890 1545890 1547890 1547891 1547892 1549892 1549893 1551893 1551894 1551895 1551896 1553895 1553894 1553893 1553892 1551892 1551891 1549891 1549890 1545891 1541891 1545892 1541892 1539892 1539893 1539894 1539895 1545893 1541893 1541894 1541895 1541896 1549896 1545896 1549895 1545895 1547893 1549894 1545894
bot 38 40 m01qyq41 -1925929108 262332 52
owned 38 262332 262333 262334 262335 264335 260335 258335 258334 258333 258332 258331 258330 258329 258328 260328 262328 262329 262330 264330 264331 266331 266332 266333 266334 268333 268332 268331 268330 266330 266329 264329 264328 260329 256329 260330 256330 254330 254331 254332 254333 260331 256331 256332 256333 256334 264334 260334 264333 260333 262331 264332 260332
bot 39 41 qp5j7mcl 1825462711 599151 52
owned 39 599151 599152 599153 599154 601154 597154 595154 595153 595152 595151 595150 595149 595148 595147 597147 599147 599148 599149 601149 601150 603150 603151 603152 603153 605152 605151 605150 605149 603149 603148 601148 601147 597148 593148 597149 593149 591149 591150 591151 591152 597150 593150 593151 593152 593153 601153 597153 601152 597152 599150 601151 597151
bot 40 42 daoks386 1879256123 177532 52
owned 40 177532 177533 177534 177535 179535 175535 173535 173534 173533 173532 173531 173530 173529 173528 175528 177528 177529 177530 179530 179531 181531 181532 181533 181534 183533 183532 183531 183530 181530 181529 179529 179528 175529 171529 175530 171530 169530 169531 169532 169533 175531 171531 171532 171533 171534 179534 175534 179533 175533 177531 179532 175532
bot 41 43 1adrc0if 1860141724 144328 52
owned 41 144328 144329 144330 144331 146331 142331 140331 140330 140329 140328 140327 140326 140325 140324 142324 144324 144325 144326 146326 146327 148327 148328 148329 148330 150329 150328 150327 150326 148326 148325 146325 146324 142325 138325 142326 138326 136326 136327 136328 136329 142327 138327 138328 138329 138330 146330 142330 146329 142329 144327 146328 142328
bot 42 44 z2sjy7tl 1824294623 462489 52
owned 42 462489 462490 462491 462492 464492 460492 458492 458491 458490 458489 458488 458487 458486 458485 460485 462485 462486 462487 464487 464488 466488 466489 466490 466491 468490 468489 468488 468487 466487 466486 464486 464485 460486 456486 460487 456487 454487 454488 454489 454490 460488 456488 456489 456490 456491 464491 460491 464490 460490 462488 464489 460489
bot 43 45 2a2pcqq2 1550573320 679250 52
owned 43 679250 679251 679252 679253 681253 677253 675253 675252 675251 675250 675249 675248 675247 675246 677246 679246 679247 679248 681248 681249 683249 683250 683251 683252 685251 685250 685249 685248 683248 683247 681247 681246 677247 673247 677248 673248 671248 671249 671250 671251 677249 673249 673250 673251 673252 681252 677252 681251 677251 679249 681250 677250
bot 44 46 965x3zic 1651901379 1498540 52
owned 44 1498540 1498541 1498542 1498543 1500543 1496543 1494543 1494542 1494541 1494540 1494539 1494538 1494537 1494536 1496536 1498536 1498537 1498538 1500538 1500539 1502539 1502540 1502541 1502542 1504541 1504540 1504539 1504538 1502538 1502537 1500537 1500536 1496537 1492537 1496538 1492538 1490538 1490539 1490540 1490541 1496539 1492539 1492540 1492541 1492542 1500542 1496542 1500541 1496541 1498539 1500540 1496540
bot 45 47 yytwuuvv 643310337 277065 52
owned 45 277065 277066 277067 277068 279068 275068 273068 273067 273066 273065 273064 273063 273062 273061 275061 277061 277062 277063 279063 279064 281064 281065 281066 281067 283066 283065 283064 283063 281063 281062 279062 279061 275062 271062 275063 271063 269063 269064 269065 269066 275064 271064 271065 271066 271067 279067 275067 279066 275066 277064 279065 275065
bot 46 48 0bq4zvkx -1953292478 1147055 52
owned 46 1147055 1147056 1147057 1147058 1149058 1145058 1143058 1143057 1143056 1143055 1143054 1143053 1143052 1143051 1145051 1147051 1147052 1147053 1149053 1149054 1151054 1151055 1151056 1151057 1153056 1153055 1153054 1153053 1151053 1151052 1149052 1149051 1145052 1141052 1145053 1141053 1139053 1139054 1139055 1139056 1145054 1141054 1141055 1141056 1141057 1149057 1145057 1149056 1145056 1147054 1149055 1145055
bot 47 49 fqo7elia -1958284618 853032 52
owned 47 853032 853033 853034 853035 855035 851035 849035 849034 849033 849032 849031 849030 849029 849028 851028 853028 853029 853030 855030 855031 857031 857032 857033 857034 859033 859032 859031 859030 857030 857029 855029 855028 851029 847029 851030 847030 845030 845031 845032 845033 851031 847031 847032 847033 847034 855034 851034 855033 851033 853031 855032 851032
bot 48 50 xb2eodru 1511238585 757193 52
owned 48 757193 757194 757195 757196 759196 755196 753196 753195 753194 753193 753192 753191 753190 753189 755189 757189 757190 757191 759191 759192 761192 761193 761194 761195 763194 763193 763192 763191 761191 761190 759190 759189 755190 751190 755191 751191 749191 749192 749193 749194 755192 751192 751193 751194 751195 759195 755195 759194 755194 757192 759193 755193
bot 49 51 dn2a1fmz 1672109513 53479 52
owned 49 53479 53480 53481 53482 55482 51482 49482 49481 49480 49479 49478 49477 49476 49475 51475 53475 53476 53477 55477 55478 57478 57479 57480 57481 59480 59479 59478 59477 57477 57476 55476 55475 51476 47476 51477 47477 45477 45478 45479 45480 51478 47478 47479 47480 47481 55481 51481 55480 51480 53478 55479 51479
bot 50 52 c657fqi1 1526829564 905104 52
owned 50 905104 905105 905106 905107 907107 903107 901107 901106 901105 901104 901103 901102 901101 901100 903100 905100 905101 905102 907102 907103 909103 909104 909105 909106 911105 911104 911103 911102 909102 909101 907101 907100 903101 899101 903102 899102 897102 897103 897104 897105 903103 899103 899104 899105 899106 907106 903106 907105 903105 905103 907104 903104
bot 51 53 3oa0wbik 1465915324 1943823 52
owned 51 1943823 1943824 1943825 1943826 1945826 1941826 1939826 1939825 1939824 1939823 1939822 1939821 1939820 1939819 1941819 1943819 1943820 1943821 1945821 1945822 1947822 1947823 1947824 1947825 1949824 1949823 1949822 1949821 1947821 1947820 1945820 1945819 1941820 1937820 1941821 1937821 1935821 1935822 1935823 1935824 1941822 1937822 1937823 1937824 1937825 1945825 1941825 1945824 1941824 1943822 1945823 1941823
bot 52 54 bbor86ta 1160631798 1204628 52
owned 52 1204628 1204629 1204630 1204631 1206631 1202631 1200631 1200630 1200629 1200628 1200627 1200626 1200625 1200624 1202624 1204624 1204625 1204626 1206626 1206627 1208627 1208628 1208629 1208630 1210629 1210628 1210627 1210626 1208626 1208625 1206625 1206624 1202625 1198625 1202626 1198626 1196626 1196627 1196628 1196629 1202627 1198627 1198628 1198629 1198630 1206630 1202630 1206629 1202629 1204627 1206628 1202628
bot 53 55 ke481hq3 1735541677 771235 52
owned 53 771235 771236 771237 771238 773238 769238 767238 767237 767236 767235 767234 767233 767232 767231 769231 771231 771232 771233 773233 773234 775234 775235 775236 775237 777236 777235 777234 777233 775233 775232 773232 773231 769232 765232 769233 765233 763233 763234 763235 763236 769234 765234 765235 765236 765237 773237 769237 773236 769236 771234 773235 769235
bot 54 56 1p7me35b 2016093044 461477 52
owned 54 461477 461478 461479 461480 463480 459480 457480 457479 457478 457477 457476 457475 457474 457473 459473 461473 461474 461475 463475 463476 465476 465477 465478 465479 467478 467477 467476 467475 465475 465474 463474 463473 459474 455474 459475 455475 453475 453476 453477 453478 459476 455476 455477 455478 455479 463479 459479 463478 459478 461476 463477 459477
bot 55 57 ros1fefm 336921379 715311 52
owned 55 715311 715312 715313 715314 717314 713314 711314 711313 711312 711311 711310 711309 711308 711307 713307 715307 715308 715309 717309 717310 719310 719311 719312 719313 721312 721311 721310 721309 719309 719308 717308 717307 713308 709308 713309 709309 707309 707310 707311 707312 713310 709310 709311 709312 709313 717313 713313 717312 713312 715310 717311 713311
bot 56 58 bbj4439d 1361159728 230302 52
owned 56 230302 230303 230304 230305 232305 228305 226305 226304 226303 226302 226301 226300 226299 226298 228298 230298 230299 230300 232300 232301 234301 234302 234303 234304 236303 236302 236301 236300 234300 234299 232299 232298 228299 224299 228300 224300 222300 222301 222302 222303 228301 224301 224302 224303 224304 232304 228304 232303 228303 230301 232302 228302
bot 57 59 50euwmgf 756661700 427137 52
owned 57 427137 427138 427139 427140 429140 425140 423140 423139 423138 423137 423136 423135 423134 423133 425133 427133 427134 427135 429135 429136 431136 431137 431138 431139 433138 433137 433136 433135 431135 431134 429134 429133 425134 421134 425135 421135 419135 419136 419137 419138 425136 421136 421137 421138 421139 429139 425139 429138 425138 427136 429137 425137
bot 58 60 6ifrrqwg 1573288274 1363104 52
owned 58 1363104 1363105 1363106 1363107 1365107 1361107 1359107 1359106 1359105 1359104 1359103 1359102 1359101 1359100 1361100 1363100 1363101 1363102 1365102 1365103 1367103 1367104 1367105 1367106 1369105 1369104 1369103 1369102 1367102 1367101 1365101 1365100 1361101 1357101 1361102 1357102 1355102 1355103 1355104 1355105 1361103 1357103 1357104 1357105 1357106 1365106 1361106 1365105 1361105 1363103 1365104 1361104
bot 59 61 t3qojvzx 1884704811 245218 52
owned 59 245218 245219 245220 245221 247221 243221 241221 241220 241219 241218 241217 241216 241215 241214 243214 245214 245215 245216 247216 247217 249217 249218 249219 249220 251219 251218 251217 251216 249216 249215 247215 247214 243215 239215 243216 239216 237216 237217 237218 237219 243217 239217 239218 239219 239220 247220 243220 247219 243219 245217 247218 243218
bot 60 62 e39s2b1x 535357285 345396 52
owned 60 345396 345397 345398 345399 347399 343399 341399 341398 341397 341396 341395 341394 341393 341392 343392 345392 345393 345394 347394 347395 349395 349396 349397 349398 351397 351396 351395 351394 349394 349393 347393 347392 343393 339393 343394 339394 337394 337395 337396 337397 343395 339395 339396 339397 339398 347398 343398 347397 343397 345395 347396 343396
bot 61 63 8elalp3o 1664787462 1931594 52
owned 61 1931594 1931595 1931596 1931597 1933597 1929597 1927597 1927596 1927595 1927594 1927593 1927592 1927591 1927590 1929590 1931590 1931591 1931592 1933592 1933593 1935593 1935594 1935595 1935596 1937595 1937594 1937593 1937592 1935592 1935591 1933591 1933590 1929591 1925591 1929592 1925592 1923592 1923593 1923594 1923595 1929593 1925593 1925594 1925595 1925596 1933596 1929596 1933595 1929595 1931593 1933594 1929594
bot 62 64 drzdgt29 351372376 795111 52
owned 62 795111 795112 795113 795114 797114 793114 791114 791113 791112 791111 791110 791109 791108 791107 793107 795107 795108 795109 797109 797110 799110 799111 799112 799113 801112 801111 801110 801109 799109 799108 797108 797107 793108 789108 793109 789109 787109 787110 787111 787112 793110 789110 789111 789112 789113 797113 793113 797112 793112 795110 797111 793111
bot 63 65 a5l13l40 409032466 231520 52
owned 63 231520 231521 231522 231523 233523 229523 227523 227522 227521 227520 227519 227518 227517 227516 229516 231516 231517 231518 233518 233519 235519 235520 235521 235522 237521 237520 237519 237518 235518 235517 233517 233516 229517 225517 229518 225518 223518 223519 223520 223521 229519 225519 225520 225521 225522 233522 229522 233521 229521 231519 233520 229520
