# ofcuda_prng initial-state v1 (port spawn/initial state; engine-bit-exact)
# source reference /opt/data/workspaces/skg/ofcuda_matrix/out/matrix/refs/world_a18_nat0.spawn.txt
map world
seed parity
game_id QqkIuyke
game_hash 223241348
agents 18
nations 0
human_agents 1
width 2000
height 1000
min_dist 30
player 1 H nd8079oo -1 0 0
player 2 B 7kmb47oc 279544 1 52
player 3 B su965kfe 854926 1 52
player 4 B 4918e5rs 1534553 1 52
player 5 B 0grah7qg 516438 1 52
player 6 B 79lbhuod 179564 1 52
player 7 B 0eay8wsu 715183 1 52
player 8 B l4g4juu8 1889222 1 52
player 9 B gsw4n5km 721531 1 52
player 10 B ooz4f963 689507 1 52
player 11 B g49bog52 629559 1 52
player 12 B vl3arc4y 247872 1 52
player 13 B 26spmsu2 792960 1 52
player 14 B 666fmd2f 563367 1 52
player 15 B vybu8oes 449176 1 52
player 16 B tlx2iciq 254364 1 52
player 17 B 8i7cuo9t 1172673 1 52
player 18 B ay8xa67r 1096589 1 52
player 19 B fha1xhrw 360519 1 52
bot 0 2 7kmb47oc 979863364 279544 52
owned 0 279544 279545 279546 279547 281547 277547 275547 275546 275545 275544 275543 275542 275541 275540 277540 279540 279541 279542 281542 281543 283543 283544 283545 283546 285545 285544 285543 285542 283542 283541 281541 281540 277541 273541 277542 273542 271542 271543 271544 271545 277543 273543 273544 273545 273546 281546 277546 281545 277545 279543 281544 277544
bot 1 3 su965kfe 1225099288 854926 52
owned 1 854926 854927 854928 854929 856929 852929 850929 850928 850927 850926 850925 850924 850923 850922 852922 854922 854923 854924 856924 856925 858925 858926 858927 858928 860927 860926 860925 860924 858924 858923 856923 856922 852923 848923 852924 848924 846924 846925 846926 846927 852925 848925 848926 848927 848928 856928 852928 856927 852927 854925 856926 852926
bot 2 4 4918e5rs 1160776865 1534553 52
owned 2 1534553 1534554 1534555 1534556 1536556 1532556 1530556 1530555 1530554 1530553 1530552 1530551 1530550 1530549 1532549 1534549 1534550 1534551 1536551 1536552 1538552 1538553 1538554 1538555 1540554 1540553 1540552 1540551 1538551 1538550 1536550 1536549 1532550 1528550 1532551 1528551 1526551 1526552 1526553 1526554 1532552 1528552 1528553 1528554 1528555 1536555 1532555 1536554 1532554 1534552 1536553 1532553
bot 3 5 0grah7qg -2107334215 516438 52
owned 3 516438 516439 516440 516441 518441 514441 512441 512440 512439 512438 512437 512436 512435 512434 514434 516434 516435 516436 518436 518437 520437 520438 520439 520440 522439 522438 522437 522436 520436 520435 518435 518434 514435 510435 514436 510436 508436 508437 508438 508439 514437 510437 510438 510439 510440 518440 514440 518439 514439 516437 518438 514438
bot 4 6 79lbhuod 919150858 179564 52
owned 4 179564 179565 179566 179567 181567 177567 175567 175566 175565 175564 175563 175562 175561 175560 177560 179560 179561 179562 181562 181563 183563 183564 183565 183566 185565 185564 185563 185562 183562 183561 181561 181560 177561 173561 177562 173562 171562 171563 171564 171565 177563 173563 173564 173565 173566 181566 177566 181565 177565 179563 181564 177564
bot 5 7 0eay8wsu 312910098 715183 52
owned 5 715183 715184 715185 715186 717186 713186 711186 711185 711184 711183 711182 711181 711180 711179 713179 715179 715180 715181 717181 717182 719182 719183 719184 719185 721184 721183 721182 721181 719181 719180 717180 717179 713180 709180 713181 709181 707181 707182 707183 707184 713182 709182 709183 709184 709185 717185 713185 717184 713184 715182 717183 713183
bot 6 8 l4g4juu8 1373847271 1889222 52
owned 6 1889222 1889223 1889224 1889225 1891225 1887225 1885225 1885224 1885223 1885222 1885221 1885220 1885219 1885218 1887218 1889218 1889219 1889220 1891220 1891221 1893221 1893222 1893223 1893224 1895223 1895222 1895221 1895220 1893220 1893219 1891219 1891218 1887219 1883219 1887220 1883220 1881220 1881221 1881222 1881223 1887221 1883221 1883222 1883223 1883224 1891224 1887224 1891223 1887223 1889221 1891222 1887222
bot 7 9 gsw4n5km 1786011062 721531 52
owned 7 721531 721532 721533 721534 723534 719534 717534 717533 717532 717531 717530 717529 717528 717527 719527 721527 721528 721529 723529 723530 725530 725531 725532 725533 727532 727531 727530 727529 725529 725528 723528 723527 719528 715528 719529 715529 713529 713530 713531 713532 719530 715530 715531 715532 715533 723533 719533 723532 719532 721530 723531 719531
bot 8 10 ooz4f963 1067254298 689507 52
owned 8 689507 689508 689509 689510 691510 687510 685510 685509 685508 685507 685506 685505 685504 685503 687503 689503 689504 689505 691505 691506 693506 693507 693508 693509 695508 695507 695506 695505 693505 693504 691504 691503 687504 683504 687505 683505 681505 681506 681507 681508 687506 683506 683507 683508 683509 691509 687509 691508 687508 689506 691507 687507
bot 9 11 g49bog52 471077977 629559 52
owned 9 629559 629560 629561 629562 631562 627562 625562 625561 625560 625559 625558 625557 625556 625555 627555 629555 629556 629557 631557 631558 633558 633559 633560 633561 635560 635559 635558 635557 633557 633556 631556 631555 627556 623556 627557 623557 621557 621558 621559 621560 627558 623558 623559 623560 623561 631561 627561 631560 627560 629558 631559 627559
bot 10 12 vl3arc4y 2110741002 247872 52
owned 10 247872 247873 247874 247875 249875 245875 243875 243874 243873 243872 243871 243870 243869 243868 245868 247868 247869 247870 249870 249871 251871 251872 251873 251874 253873 253872 253871 253870 251870 251869 249869 249868 245869 241869 245870 241870 239870 239871 239872 239873 245871 241871 241872 241873 241874 249874 245874 249873 245873 247871 249872 245872
bot 11 13 26spmsu2 1249151528 792960 52
owned 11 792960 792961 792962 792963 794963 790963 788963 788962 788961 788960 788959 788958 788957 788956 790956 792956 792957 792958 794958 794959 796959 796960 796961 796962 798961 798960 798959 798958 796958 796957 794957 794956 790957 786957 790958 786958 784958 784959 784960 784961 790959 786959 786960 786961 786962 794962 790962 794961 790961 792959 794960 790960
bot 12 14 666fmd2f -2125171585 563367 52
owned 12 563367 563368 563369 563370 565370 561370 559370 559369 559368 559367 559366 559365 559364 559363 561363 563363 563364 563365 565365 565366 567366 567367 567368 567369 569368 569367 569366 569365 567365 567364 565364 565363 561364 557364 561365 557365 555365 555366 555367 555368 561366 557366 557367 557368 557369 565369 561369 565368 561368 563366 565367 561367
bot 13 15 vybu8oes 2095769353 449176 52
owned 13 449176 449177 449178 449179 451179 447179 445179 445178 445177 445176 445175 445174 445173 445172 447172 449172 449173 449174 451174 451175 453175 453176 453177 453178 455177 455176 455175 455174 453174 453173 451173 451172 447173 443173 447174 443174 441174 441175 441176 441177 447175 443175 443176 443177 443178 451178 447178 451177 447177 449175 451176 447176
bot 14 16 tlx2iciq 1076827768 254364 52
owned 14 254364 254365 254366 254367 256367 252367 250367 250366 250365 250364 250363 250362 250361 250360 252360 254360 254361 254362 256362 256363 258363 258364 258365 258366 260365 260364 260363 260362 258362 258361 256361 256360 252361 248361 252362 248362 246362 246363 246364 246365 252363 248363 248364 248365 248366 256366 252366 256365 252365 254363 256364 252364
bot 15 17 8i7cuo9t 1041878418 1172673 52
owned 15 1172673 1172674 1172675 1172676 1174676 1170676 1168676 1168675 1168674 1168673 1168672 1168671 1168670 1168669 1170669 1172669 1172670 1172671 1174671 1174672 1176672 1176673 1176674 1176675 1178674 1178673 1178672 1178671 1176671 1176670 1174670 1174669 1170670 1166670 1170671 1166671 1164671 1164672 1164673 1164674 1170672 1166672 1166673 1166674 1166675 1174675 1170675 1174674 1170674 1172672 1174673 1170673
bot 16 18 ay8xa67r 1238569276 1096589 52
owned 16 1096589 1096590 1096591 1096592 1098592 1094592 1092592 1092591 1092590 1092589 1092588 1092587 1092586 1092585 1094585 1096585 1096586 1096587 1098587 1098588 1100588 1100589 1100590 1100591 1102590 1102589 1102588 1102587 1100587 1100586 1098586 1098585 1094586 1090586 1094587 1090587 1088587 1088588 1088589 1088590 1094588 1090588 1090589 1090590 1090591 1098591 1094591 1098590 1094590 1096588 1098589 1094589
bot 17 19 fha1xhrw -2086814691 360519 52
owned 17 360519 360520 360521 360522 362522 358522 356522 356521 356520 356519 356518 356517 356516 356515 358515 360515 360516 360517 362517 362518 364518 364519 364520 364521 366520 366519 366518 366517 364517 364516 362516 362515 358516 354516 358517 354517 352517 352518 352519 352520 358518 354518 354519 354520 354521 362521 358521 362520 358520 360518 362519 358519
